6.329833496093750000e+03
5.016666793823242188e+01
2.200000000000000000e+01
1.233333301544189453e+01
9.333333015441894531e+00
6.000000000000000000e+00
4.833333492279052734e+00
5.166666507720947266e+00
7.000000000000000000e+00
9.666666984558105469e+00
9.166666984558105469e+00
9.833333015441894531e+00
1.133333301544189453e+01
1.366666698455810547e+01
1.116666698455810547e+01
1.100000000000000000e+01
1.150000000000000000e+01
1.250000000000000000e+01
1.100000000000000000e+01
1.266666698455810547e+01
1.233333301544189453e+01
1.216666698455810547e+01
1.116666698455810547e+01
1.550000000000000000e+01
1.633333396911621094e+01
1.516666698455810547e+01
2.150000000000000000e+01
1.566666698455810547e+01
1.766666603088378906e+01
1.800000000000000000e+01
1.766666603088378906e+01
1.366666698455810547e+01
1.133333301544189453e+01
9.166666984558105469e+00
7.166666507720947266e+00
9.000000000000000000e+00
6.666666507720947266e+00
6.166666507720947266e+00
5.333333492279052734e+00
3.333333253860473633e+00
5.333333492279052734e+00
2.333333253860473633e+00
2.000000000000000000e+00
2.833333253860473633e+00
1.500000000000000000e+00
2.833333253860473633e+00
2.000000000000000000e+00
1.333333373069763184e+00
2.333333253860473633e+00
8.333333134651184082e-01
1.333333373069763184e+00
1.833333373069763184e+00
1.000000000000000000e+00
2.166666746139526367e+00
2.000000000000000000e+00
6.666666865348815918e-01
6.666666865348815918e-01
1.666666626930236816e+00
6.666666865348815918e-01
8.333333134651184082e-01
3.333333432674407959e-01
8.333333134651184082e-01
0.000000000000000000e+00
5.000000000000000000e-01
1.166666626930236816e+00
6.666666865348815918e-01
1.166666626930236816e+00
8.333333134651184082e-01
6.666666865348815918e-01
8.333333134651184082e-01
5.000000000000000000e-01
1.000000000000000000e+00
5.000000000000000000e-01
8.333333134651184082e-01
1.333333373069763184e+00
0.000000000000000000e+00
5.000000000000000000e-01
5.000000000000000000e-01
3.333333432674407959e-01
5.000000000000000000e-01
6.666666865348815918e-01
3.333333432674407959e-01
5.000000000000000000e-01
3.333333432674407959e-01
5.000000000000000000e-01
8.333333134651184082e-01
5.000000000000000000e-01
0.000000000000000000e+00
3.333333432674407959e-01
5.000000000000000000e-01
1.666666716337203979e-01
1.000000000000000000e+00
1.666666716337203979e-01
3.333333432674407959e-01
3.333333432674407959e-01
5.000000000000000000e-01
6.666666865348815918e-01
1.666666716337203979e-01
5.000000000000000000e-01
1.666666716337203979e-01
5.000000000000000000e-01
0.000000000000000000e+00
3.333333432674407959e-01
0.000000000000000000e+00
1.666666716337203979e-01
3.333333432674407959e-01
0.000000000000000000e+00
3.333333432674407959e-01
1.666666716337203979e-01
1.666666716337203979e-01
6.666666865348815918e-01
1.666666716337203979e-01
3.333333432674407959e-01
1.666666716337203979e-01
3.333333432674407959e-01
5.000000000000000000e-01
6.666666865348815918e-01
5.000000000000000000e-01
3.333333432674407959e-01
1.666666716337203979e-01
8.333333134651184082e-01
1.666666716337203979e-01
1.666666716337203979e-01
3.333333432674407959e-01
0.000000000000000000e+00
5.000000000000000000e-01
3.333333432674407959e-01
1.666666716337203979e-01
1.666666716337203979e-01
1.666666716337203979e-01
1.666666716337203979e-01
1.666666716337203979e-01
8.333333134651184082e-01
5.000000000000000000e-01
3.333333432674407959e-01
5.000000000000000000e-01
0.000000000000000000e+00
3.333333432674407959e-01
0.000000000000000000e+00
3.333333432674407959e-01
1.666666716337203979e-01
1.666666716337203979e-01
3.333333432674407959e-01
8.333333134651184082e-01
3.333333432674407959e-01
0.000000000000000000e+00
1.666666716337203979e-01
1.666666716337203979e-01
3.333333432674407959e-01
0.000000000000000000e+00
1.666666716337203979e-01
0.000000000000000000e+00
1.666666716337203979e-01
0.000000000000000000e+00
1.666666716337203979e-01
5.000000000000000000e-01
0.000000000000000000e+00
5.000000000000000000e-01
0.000000000000000000e+00
0.000000000000000000e+00
1.666666716337203979e-01
3.333333432674407959e-01
3.333333432674407959e-01
1.666666716337203979e-01
6.666666865348815918e-01
1.666666716337203979e-01
1.666666716337203979e-01
5.000000000000000000e-01
3.333333432674407959e-01
1.666666716337203979e-01
1.666666716337203979e-01
0.000000000000000000e+00
1.666666716337203979e-01
1.666666716337203979e-01
5.000000000000000000e-01
3.333333432674407959e-01
1.666666716337203979e-01
0.000000000000000000e+00
1.666666716337203979e-01
0.000000000000000000e+00
1.666666716337203979e-01
1.666666716337203979e-01
1.666666716337203979e-01
0.000000000000000000e+00
0.000000000000000000e+00
1.666666716337203979e-01
1.666666716337203979e-01
0.000000000000000000e+00
1.666666716337203979e-01
1.666666716337203979e-01
0.000000000000000000e+00
1.666666716337203979e-01
0.000000000000000000e+00
1.666666716337203979e-01
3.333333432674407959e-01
1.666666716337203979e-01
0.000000000000000000e+00
0.000000000000000000e+00
0.000000000000000000e+00
3.333333432674407959e-01
1.666666716337203979e-01
1.666666716337203979e-01
0.000000000000000000e+00
1.666666716337203979e-01
1.666666716337203979e-01
0.000000000000000000e+00
0.000000000000000000e+00
0.000000000000000000e+00
1.666666716337203979e-01
1.666666716337203979e-01
1.666666716337203979e-01
0.000000000000000000e+00
0.000000000000000000e+00
1.666666716337203979e-01
0.000000000000000000e+00
0.000000000000000000e+00
0.000000000000000000e+00
1.666666716337203979e-01
3.333333432674407959e-01
0.000000000000000000e+00
0.000000000000000000e+00
3.333333432674407959e-01
3.333333432674407959e-01
0.000000000000000000e+00
0.000000000000000000e+00
0.000000000000000000e+00
3.333333432674407959e-01
1.666666716337203979e-01
0.000000000000000000e+00
1.666666716337203979e-01
0.000000000000000000e+00
0.000000000000000000e+00
3.333333432674407959e-01
0.000000000000000000e+00
1.666666716337203979e-01
0.000000000000000000e+00
0.000000000000000000e+00
0.000000000000000000e+00
0.000000000000000000e+00
0.000000000000000000e+00
0.000000000000000000e+00
0.000000000000000000e+00
0.000000000000000000e+00
0.000000000000000000e+00
1.666666716337203979e-01
0.000000000000000000e+00
0.000000000000000000e+00
0.000000000000000000e+00
3.333333432674407959e-01
3.333333432674407959e-01
0.000000000000000000e+00
1.666666716337203979e-01
0.000000000000000000e+00
1.666666716337203979e-01
0.000000000000000000e+00
1.666666716337203979e-01
1.666666716337203979e-01
1.666666716337203979e-01
0.000000000000000000e+00
1.666666716337203979e-01
0.000000000000000000e+00
1.666666716337203979e-01
0.000000000000000000e+00
0.000000000000000000e+00
1.666666716337203979e-01
0.000000000000000000e+00
1.666666716337203979e-01
0.000000000000000000e+00
0.000000000000000000e+00
0.000000000000000000e+00
1.666666716337203979e-01
0.000000000000000000e+00
1.666666716337203979e-01
3.333333432674407959e-01
0.000000000000000000e+00
1.666666716337203979e-01
1.666666716337203979e-01
1.666666716337203979e-01
1.666666716337203979e-01
1.666666716337203979e-01
6.666666865348815918e-01
1.666666716337203979e-01
1.666666716337203979e-01
0.000000000000000000e+00
0.000000000000000000e+00
0.000000000000000000e+00
3.333333432674407959e-01
0.000000000000000000e+00
0.000000000000000000e+00
5.000000000000000000e-01
1.666666716337203979e-01
0.000000000000000000e+00
0.000000000000000000e+00
3.333333432674407959e-01
0.000000000000000000e+00
0.000000000000000000e+00
0.000000000000000000e+00
0.000000000000000000e+00
1.666666716337203979e-01
0.000000000000000000e+00
0.000000000000000000e+00
1.666666716337203979e-01
0.000000000000000000e+00
1.666666716337203979e-01
0.000000000000000000e+00
0.000000000000000000e+00
0.000000000000000000e+00
0.000000000000000000e+00
3.333333432674407959e-01
0.000000000000000000e+00
0.000000000000000000e+00
3.333333432674407959e-01
0.000000000000000000e+00
0.000000000000000000e+00
0.000000000000000000e+00
0.000000000000000000e+00
3.333333432674407959e-01
0.000000000000000000e+00
0.000000000000000000e+00
0.000000000000000000e+00
0.000000000000000000e+00
0.000000000000000000e+00
0.000000000000000000e+00
0.000000000000000000e+00
1.666666716337203979e-01
1.666666716337203979e-01
1.666666716337203979e-01
0.000000000000000000e+00
5.000000000000000000e-01
3.333333432674407959e-01
0.000000000000000000e+00
1.666666716337203979e-01
1.666666716337203979e-01
0.000000000000000000e+00
5.000000000000000000e-01
5.000000000000000000e-01
3.333333432674407959e-01
1.666666716337203979e-01
0.000000000000000000e+00
1.666666716337203979e-01
1.666666716337203979e-01
0.000000000000000000e+00
3.333333432674407959e-01
3.333333432674407959e-01
1.666666716337203979e-01
0.000000000000000000e+00
0.000000000000000000e+00
0.000000000000000000e+00
0.000000000000000000e+00
1.666666716337203979e-01
3.333333432674407959e-01
0.000000000000000000e+00
1.666666716337203979e-01
1.666666716337203979e-01
1.666666716337203979e-01
1.666666716337203979e-01
1.666666716337203979e-01
1.666666716337203979e-01
1.666666716337203979e-01
1.666666716337203979e-01
1.666666716337203979e-01
0.000000000000000000e+00
0.000000000000000000e+00
0.000000000000000000e+00
0.000000000000000000e+00
1.666666716337203979e-01
0.000000000000000000e+00
0.000000000000000000e+00
1.666666716337203979e-01
0.000000000000000000e+00
0.000000000000000000e+00
1.666666716337203979e-01
1.666666716337203979e-01
3.333333432674407959e-01
0.000000000000000000e+00
0.000000000000000000e+00
0.000000000000000000e+00
0.000000000000000000e+00
1.666666716337203979e-01
1.666666716337203979e-01
0.000000000000000000e+00
0.000000000000000000e+00
1.666666716337203979e-01
1.666666716337203979e-01
3.333333432674407959e-01
5.000000000000000000e-01
3.333333432674407959e-01
1.666666716337203979e-01
0.000000000000000000e+00
1.666666716337203979e-01
0.000000000000000000e+00
0.000000000000000000e+00
3.333333432674407959e-01
0.000000000000000000e+00
1.666666716337203979e-01
0.000000000000000000e+00
3.333333432674407959e-01
3.333333432674407959e-01
0.000000000000000000e+00
0.000000000000000000e+00
0.000000000000000000e+00
1.666666716337203979e-01
0.000000000000000000e+00
1.666666716337203979e-01
1.666666716337203979e-01
0.000000000000000000e+00
0.000000000000000000e+00
3.333333432674407959e-01
1.666666716337203979e-01
0.000000000000000000e+00
0.000000000000000000e+00
1.666666716337203979e-01
3.333333432674407959e-01
3.333333432674407959e-01
1.666666716337203979e-01
5.000000000000000000e-01
1.666666716337203979e-01
0.000000000000000000e+00
0.000000000000000000e+00
0.000000000000000000e+00
5.000000000000000000e-01
1.666666716337203979e-01
0.000000000000000000e+00
1.666666716337203979e-01
1.666666716337203979e-01
0.000000000000000000e+00
1.666666716337203979e-01
0.000000000000000000e+00
1.666666716337203979e-01
1.666666716337203979e-01
0.000000000000000000e+00
1.666666716337203979e-01
5.000000000000000000e-01
1.666666716337203979e-01
1.666666716337203979e-01
1.666666716337203979e-01
0.000000000000000000e+00
1.666666716337203979e-01
1.666666716337203979e-01
0.000000000000000000e+00
5.000000000000000000e-01
0.000000000000000000e+00
0.000000000000000000e+00
1.666666716337203979e-01
0.000000000000000000e+00
0.000000000000000000e+00
1.666666716337203979e-01
0.000000000000000000e+00
1.666666716337203979e-01
1.666666716337203979e-01
0.000000000000000000e+00
1.666666716337203979e-01
0.000000000000000000e+00
0.000000000000000000e+00
0.000000000000000000e+00
0.000000000000000000e+00
0.000000000000000000e+00
5.000000000000000000e-01
1.666666716337203979e-01
0.000000000000000000e+00
5.000000000000000000e-01
1.666666716337203979e-01
3.333333432674407959e-01
0.000000000000000000e+00
0.000000000000000000e+00
0.000000000000000000e+00
3.333333432674407959e-01
0.000000000000000000e+00
3.333333432674407959e-01
0.000000000000000000e+00
3.333333432674407959e-01
1.666666716337203979e-01
0.000000000000000000e+00
0.000000000000000000e+00
1.666666716337203979e-01
1.666666716337203979e-01
0.000000000000000000e+00
1.666666716337203979e-01
0.000000000000000000e+00
0.000000000000000000e+00
0.000000000000000000e+00
1.666666716337203979e-01
1.666666716337203979e-01
1.666666716337203979e-01
1.666666716337203979e-01
1.666666716337203979e-01
3.333333432674407959e-01
0.000000000000000000e+00
0.000000000000000000e+00
8.333333134651184082e-01
5.000000000000000000e-01
5.000000000000000000e-01
0.000000000000000000e+00
3.333333432674407959e-01
0.000000000000000000e+00
3.333333432674407959e-01
0.000000000000000000e+00
1.666666716337203979e-01
0.000000000000000000e+00
5.000000000000000000e-01
5.000000000000000000e-01
1.666666716337203979e-01
6.666666865348815918e-01
0.000000000000000000e+00
1.666666716337203979e-01
3.333333432674407959e-01
3.333333432674407959e-01
1.666666716337203979e-01
3.333333432674407959e-01
0.000000000000000000e+00
1.666666716337203979e-01
0.000000000000000000e+00
1.666666716337203979e-01
3.333333432674407959e-01
1.666666716337203979e-01
0.000000000000000000e+00
3.333333432674407959e-01
1.666666716337203979e-01
1.666666716337203979e-01
3.333333432674407959e-01
1.666666716337203979e-01
1.666666716337203979e-01
1.666666716337203979e-01
0.000000000000000000e+00
3.333333432674407959e-01
3.333333432674407959e-01
3.333333432674407959e-01
0.000000000000000000e+00
5.000000000000000000e-01
3.333333432674407959e-01
1.666666716337203979e-01
0.000000000000000000e+00
1.666666716337203979e-01
1.666666716337203979e-01
5.000000000000000000e-01
0.000000000000000000e+00
1.666666716337203979e-01
0.000000000000000000e+00
1.666666716337203979e-01
0.000000000000000000e+00
0.000000000000000000e+00
1.666666716337203979e-01
3.333333432674407959e-01
5.000000000000000000e-01
1.666666716337203979e-01
0.000000000000000000e+00
1.666666716337203979e-01
1.666666716337203979e-01
3.333333432674407959e-01
0.000000000000000000e+00
3.333333432674407959e-01
3.333333432674407959e-01
0.000000000000000000e+00
1.666666716337203979e-01
0.000000000000000000e+00
1.666666716337203979e-01
0.000000000000000000e+00
0.000000000000000000e+00
3.333333432674407959e-01
1.666666716337203979e-01
0.000000000000000000e+00
0.000000000000000000e+00
0.000000000000000000e+00
1.666666716337203979e-01
0.000000000000000000e+00
3.333333432674407959e-01
3.333333432674407959e-01
0.000000000000000000e+00
3.333333432674407959e-01
3.333333432674407959e-01
0.000000000000000000e+00
1.666666716337203979e-01
3.333333432674407959e-01
1.666666716337203979e-01
0.000000000000000000e+00
0.000000000000000000e+00
5.000000000000000000e-01
3.333333432674407959e-01
0.000000000000000000e+00
1.666666716337203979e-01
0.000000000000000000e+00
1.666666716337203979e-01
0.000000000000000000e+00
1.666666716337203979e-01
0.000000000000000000e+00
0.000000000000000000e+00
3.333333432674407959e-01
0.000000000000000000e+00
3.333333432674407959e-01
1.666666716337203979e-01
6.666666865348815918e-01
5.000000000000000000e-01
1.666666716337203979e-01
1.666666716337203979e-01
0.000000000000000000e+00
3.333333432674407959e-01
0.000000000000000000e+00
5.000000000000000000e-01
1.666666716337203979e-01
1.666666716337203979e-01
1.666666716337203979e-01
0.000000000000000000e+00
1.666666716337203979e-01
0.000000000000000000e+00
1.666666716337203979e-01
0.000000000000000000e+00
3.333333432674407959e-01
3.333333432674407959e-01
0.000000000000000000e+00
0.000000000000000000e+00
0.000000000000000000e+00
0.000000000000000000e+00
3.333333432674407959e-01
3.333333432674407959e-01
1.666666716337203979e-01
3.333333432674407959e-01
0.000000000000000000e+00
3.333333432674407959e-01
1.666666716337203979e-01
1.666666716337203979e-01
3.333333432674407959e-01
0.000000000000000000e+00
3.333333432674407959e-01
0.000000000000000000e+00
1.666666716337203979e-01
0.000000000000000000e+00
0.000000000000000000e+00
0.000000000000000000e+00
8.333333134651184082e-01
1.666666716337203979e-01
1.666666716337203979e-01
3.333333432674407959e-01
1.666666716337203979e-01
1.666666716337203979e-01
1.666666716337203979e-01
3.333333432674407959e-01
3.333333432674407959e-01
0.000000000000000000e+00
1.666666716337203979e-01
8.333333134651184082e-01
3.333333432674407959e-01
0.000000000000000000e+00
1.666666716337203979e-01
0.000000000000000000e+00
0.000000000000000000e+00
1.666666716337203979e-01
6.666666865348815918e-01
3.333333432674407959e-01
0.000000000000000000e+00
1.666666716337203979e-01
3.333333432674407959e-01
0.000000000000000000e+00
3.333333432674407959e-01
0.000000000000000000e+00
0.000000000000000000e+00
3.333333432674407959e-01
1.000000000000000000e+00
3.333333432674407959e-01
0.000000000000000000e+00
1.666666716337203979e-01
3.333333432674407959e-01
5.000000000000000000e-01
1.666666716337203979e-01
5.000000000000000000e-01
3.333333432674407959e-01
1.666666716337203979e-01
1.000000000000000000e+00
0.000000000000000000e+00
3.333333432674407959e-01
0.000000000000000000e+00
0.000000000000000000e+00
1.666666716337203979e-01
1.666666716337203979e-01
0.000000000000000000e+00
0.000000000000000000e+00
0.000000000000000000e+00
0.000000000000000000e+00
1.666666716337203979e-01
1.666666716337203979e-01
3.333333432674407959e-01
1.666666716337203979e-01
0.000000000000000000e+00
1.666666716337203979e-01
5.000000000000000000e-01
5.000000000000000000e-01
1.666666716337203979e-01
3.333333432674407959e-01
3.333333432674407959e-01
3.333333432674407959e-01
3.333333432674407959e-01
3.333333432674407959e-01
6.666666865348815918e-01
3.333333432674407959e-01
3.333333432674407959e-01
0.000000000000000000e+00
3.333333432674407959e-01
3.333333432674407959e-01
3.333333432674407959e-01
1.666666716337203979e-01
3.333333432674407959e-01
5.000000000000000000e-01
3.333333432674407959e-01
0.000000000000000000e+00
3.333333432674407959e-01
6.666666865348815918e-01
3.333333432674407959e-01
5.000000000000000000e-01
5.000000000000000000e-01
0.000000000000000000e+00
3.333333432674407959e-01
5.000000000000000000e-01
1.333333373069763184e+00
5.000000000000000000e-01
8.333333134651184082e-01
3.333333432674407959e-01
0.000000000000000000e+00
3.333333432674407959e-01
0.000000000000000000e+00
6.666666865348815918e-01
3.333333432674407959e-01
1.666666716337203979e-01
1.666666716337203979e-01
0.000000000000000000e+00
1.666666716337203979e-01
8.333333134651184082e-01
0.000000000000000000e+00
3.333333432674407959e-01
1.666666716337203979e-01
5.000000000000000000e-01
1.666666716337203979e-01
3.333333432674407959e-01
0.000000000000000000e+00
0.000000000000000000e+00
1.666666716337203979e-01
0.000000000000000000e+00
3.333333432674407959e-01
5.000000000000000000e-01
3.333333432674407959e-01
5.000000000000000000e-01
3.333333432674407959e-01
5.000000000000000000e-01
8.333333134651184082e-01
8.333333134651184082e-01
1.666666716337203979e-01
1.666666716337203979e-01
1.666666716337203979e-01
3.333333432674407959e-01
6.666666865348815918e-01
3.333333432674407959e-01
5.000000000000000000e-01
6.666666865348815918e-01
1.666666716337203979e-01
0.000000000000000000e+00
1.666666716337203979e-01
1.666666716337203979e-01
6.666666865348815918e-01
3.333333432674407959e-01
0.000000000000000000e+00
6.666666865348815918e-01
0.000000000000000000e+00
1.666666716337203979e-01
1.666666716337203979e-01
1.666666716337203979e-01
1.666666716337203979e-01
1.333333373069763184e+00
3.333333432674407959e-01
3.333333432674407959e-01
1.666666716337203979e-01
1.666666716337203979e-01
1.666666716337203979e-01
0.000000000000000000e+00
3.333333432674407959e-01
1.666666716337203979e-01
5.000000000000000000e-01
3.333333432674407959e-01
3.333333432674407959e-01
1.500000000000000000e+00
6.666666865348815918e-01
3.333333432674407959e-01
3.333333432674407959e-01
1.666666716337203979e-01
3.333333432674407959e-01
3.333333432674407959e-01
1.666666716337203979e-01
3.333333432674407959e-01
5.000000000000000000e-01
1.666666716337203979e-01
6.666666865348815918e-01
1.666666716337203979e-01
1.666666716337203979e-01
5.000000000000000000e-01
5.000000000000000000e-01
3.333333432674407959e-01
1.666666716337203979e-01
1.666666716337203979e-01
1.000000000000000000e+00
0.000000000000000000e+00
5.000000000000000000e-01
6.666666865348815918e-01
5.000000000000000000e-01
6.666666865348815918e-01
1.666666716337203979e-01
0.000000000000000000e+00
3.333333432674407959e-01
5.000000000000000000e-01
6.666666865348815918e-01
5.000000000000000000e-01
8.333333134651184082e-01
3.333333432674407959e-01
3.333333432674407959e-01
5.000000000000000000e-01
1.000000000000000000e+00
8.333333134651184082e-01
5.000000000000000000e-01
3.333333432674407959e-01
3.333333432674407959e-01
3.333333432674407959e-01
5.000000000000000000e-01
3.333333432674407959e-01
8.333333134651184082e-01
1.666666716337203979e-01
5.000000000000000000e-01
3.333333432674407959e-01
1.000000000000000000e+00
3.333333432674407959e-01
3.333333432674407959e-01
0.000000000000000000e+00
3.333333432674407959e-01
6.666666865348815918e-01
5.000000000000000000e-01
5.000000000000000000e-01
1.666666716337203979e-01
5.000000000000000000e-01
6.666666865348815918e-01
1.666666716337203979e-01
3.333333432674407959e-01
1.000000000000000000e+00
8.333333134651184082e-01
5.000000000000000000e-01
8.333333134651184082e-01
8.333333134651184082e-01
1.000000000000000000e+00
5.000000000000000000e-01
1.333333373069763184e+00
5.000000000000000000e-01
5.000000000000000000e-01
8.333333134651184082e-01
8.333333134651184082e-01
1.166666626930236816e+00
6.666666865348815918e-01
6.666666865348815918e-01
6.666666865348815918e-01
1.500000000000000000e+00
5.000000000000000000e-01
1.166666626930236816e+00
1.166666626930236816e+00
5.000000000000000000e-01
1.000000000000000000e+00
1.166666626930236816e+00
6.666666865348815918e-01
6.666666865348815918e-01
6.666666865348815918e-01
1.833333373069763184e+00
8.333333134651184082e-01
3.333333432674407959e-01
1.333333373069763184e+00
1.166666626930236816e+00
1.000000000000000000e+00
1.166666626930236816e+00
8.333333134651184082e-01
1.166666626930236816e+00
2.333333253860473633e+00
1.833333373069763184e+00
1.833333373069763184e+00
1.333333373069763184e+00
3.000000000000000000e+00
1.666666626930236816e+00
1.333333373069763184e+00
2.166666746139526367e+00
1.166666626930236816e+00
1.500000000000000000e+00
2.500000000000000000e+00
1.500000000000000000e+00
1.166666626930236816e+00
2.000000000000000000e+00
1.000000000000000000e+00
1.666666626930236816e+00
1.166666626930236816e+00
1.500000000000000000e+00
1.666666626930236816e+00
2.166666746139526367e+00
1.666666626930236816e+00
1.666666626930236816e+00
1.666666626930236816e+00
2.000000000000000000e+00
1.500000000000000000e+00
8.333333134651184082e-01
2.500000000000000000e+00
2.833333253860473633e+00
3.166666746139526367e+00
1.333333373069763184e+00
3.833333253860473633e+00
3.166666746139526367e+00
2.500000000000000000e+00
2.500000000000000000e+00
1.500000000000000000e+00
1.500000000000000000e+00
3.000000000000000000e+00
4.000000000000000000e+00
1.333333373069763184e+00
2.666666746139526367e+00
2.333333253860473633e+00
3.166666746139526367e+00
3.000000000000000000e+00
3.666666746139526367e+00
3.166666746139526367e+00
2.500000000000000000e+00
4.666666507720947266e+00
3.166666746139526367e+00
4.166666507720947266e+00
3.666666746139526367e+00
3.000000000000000000e+00
4.500000000000000000e+00
2.833333253860473633e+00
3.166666746139526367e+00
2.833333253860473633e+00
3.500000000000000000e+00
4.333333492279052734e+00
4.000000000000000000e+00
5.333333492279052734e+00
5.500000000000000000e+00
6.333333492279052734e+00
3.666666746139526367e+00
4.500000000000000000e+00
4.833333492279052734e+00
4.500000000000000000e+00
7.166666507720947266e+00
6.333333492279052734e+00
7.833333492279052734e+00
8.500000000000000000e+00
7.500000000000000000e+00
8.500000000000000000e+00
7.166666507720947266e+00
1.016666698455810547e+01
8.666666984558105469e+00
1.233333301544189453e+01
1.333333301544189453e+01
1.483333301544189453e+01
1.650000000000000000e+01
1.833333396911621094e+01
1.683333396911621094e+01
2.016666603088378906e+01
2.766666603088378906e+01
2.233333396911621094e+01
3.133333396911621094e+01
4.166666793823242188e+01
3.550000000000000000e+01
3.533333206176757812e+01
4.350000000000000000e+01
8.583333587646484375e+01
4.916666793823242188e+01
4.800000000000000000e+01
5.633333206176757812e+01
1.376666717529296875e+02
7.650000000000000000e+01
5.616666793823242188e+01
6.533333587646484375e+01
8.633333587646484375e+01
1.991666717529296875e+02
9.850000000000000000e+01
5.833333206176757812e+01
5.033333206176757812e+01
7.150000000000000000e+01
1.076666641235351562e+02
2.650000000000000000e+02
7.133333587646484375e+01
4.000000000000000000e+01
3.600000000000000000e+01
4.866666793823242188e+01
5.500000000000000000e+01
6.266666793823242188e+01
1.915000000000000000e+02
1.240000000000000000e+02
3.733333206176757812e+01
2.266666603088378906e+01
1.933333396911621094e+01
1.216666698455810547e+01
1.266666698455810547e+01
1.133333301544189453e+01
1.100000000000000000e+01
1.000000000000000000e+01
1.083333301544189453e+01
9.166666984558105469e+00
1.066666698455810547e+01
1.750000000000000000e+01
1.333333301544189453e+01
1.750000000000000000e+01
2.283333396911621094e+01
4.300000000000000000e+01
2.000333374023437500e+03
4.080166748046875000e+03
2.946666564941406250e+02
2.766666603088378906e+01
1.616666603088378906e+01
1.250000000000000000e+01
1.150000000000000000e+01
1.616666603088378906e+01
1.383333301544189453e+01
1.466666698455810547e+01
1.783333396911621094e+01
2.200000000000000000e+01
2.866666603088378906e+01
3.100000000000000000e+01
3.650000000000000000e+01
4.216666793823242188e+01
5.333333206176757812e+01
6.533333587646484375e+01
1.416666717529296875e+02
1.785000000000000000e+02
6.383333206176757812e+01
4.383333206176757812e+01
5.766666793823242188e+01
7.366666412353515625e+01
8.016666412353515625e+01
1.111666641235351562e+02
3.346666564941406250e+02
1.121666641235351562e+02
6.933333587646484375e+01
6.466666412353515625e+01
1.111666641235351562e+02
1.668333282470703125e+02
2.838333435058593750e+02
9.466666412353515625e+01
6.900000000000000000e+01
7.683333587646484375e+01
1.246666641235351562e+02
2.298333282470703125e+02
5.683333206176757812e+01
4.666666793823242188e+01
7.633333587646484375e+01
1.475000000000000000e+02
4.616666793823242188e+01
3.033333396911621094e+01
4.300000000000000000e+01
7.333333587646484375e+01
2.316666603088378906e+01
1.466666698455810547e+01
2.816666603088378906e+01
1.983333396911621094e+01
6.166666507720947266e+00
8.000000000000000000e+00
8.000000000000000000e+00
2.833333253860473633e+00
3.000000000000000000e+00
4.000000000000000000e+00
8.333333134651184082e-01
5.000000000000000000e-01
1.500000000000000000e+00
3.333333432674407959e-01
0.000000000000000000e+00
3.333333432674407959e-01
1.666666716337203979e-01
3.333333432674407959e-01
0.000000000000000000e+00
0.000000000000000000e+00
0.000000000000000000e+00
0.000000000000000000e+00
0.000000000000000000e+00
0.000000000000000000e+00
0.000000000000000000e+00
0.000000000000000000e+00
0.000000000000000000e+00
0.000000000000000000e+00
0.000000000000000000e+00
0.000000000000000000e+00
0.000000000000000000e+00
0.000000000000000000e+00
0.000000000000000000e+00
0.000000000000000000e+00
0.000000000000000000e+00
0.000000000000000000e+00
0.000000000000000000e+00
0.000000000000000000e+00
0.000000000000000000e+00
0.000000000000000000e+00
0.000000000000000000e+00
0.000000000000000000e+00
0.000000000000000000e+00
0.000000000000000000e+00
0.000000000000000000e+00
0.000000000000000000e+00
0.000000000000000000e+00
0.000000000000000000e+00
0.000000000000000000e+00
0.000000000000000000e+00
0.000000000000000000e+00
0.000000000000000000e+00
0.000000000000000000e+00
0.000000000000000000e+00
0.000000000000000000e+00
0.000000000000000000e+00
0.000000000000000000e+00
0.000000000000000000e+00
0.000000000000000000e+00
0.000000000000000000e+00
0.000000000000000000e+00
0.000000000000000000e+00
0.000000000000000000e+00
0.000000000000000000e+00
0.000000000000000000e+00
0.000000000000000000e+00
0.000000000000000000e+00
0.000000000000000000e+00
0.000000000000000000e+00
0.000000000000000000e+00
0.000000000000000000e+00
0.000000000000000000e+00
0.000000000000000000e+00
0.000000000000000000e+00
0.000000000000000000e+00
0.000000000000000000e+00
0.000000000000000000e+00
0.000000000000000000e+00
0.000000000000000000e+00
0.000000000000000000e+00
0.000000000000000000e+00
0.000000000000000000e+00
0.000000000000000000e+00
0.000000000000000000e+00
0.000000000000000000e+00
0.000000000000000000e+00
0.000000000000000000e+00
0.000000000000000000e+00
0.000000000000000000e+00
0.000000000000000000e+00
0.000000000000000000e+00
0.000000000000000000e+00
0.000000000000000000e+00
0.000000000000000000e+00
0.000000000000000000e+00
0.000000000000000000e+00
0.000000000000000000e+00
0.000000000000000000e+00
0.000000000000000000e+00
0.000000000000000000e+00
0.000000000000000000e+00
0.000000000000000000e+00
0.000000000000000000e+00
0.000000000000000000e+00
0.000000000000000000e+00
0.000000000000000000e+00
0.000000000000000000e+00
0.000000000000000000e+00
0.000000000000000000e+00
0.000000000000000000e+00
0.000000000000000000e+00
0.000000000000000000e+00
0.000000000000000000e+00
0.000000000000000000e+00
0.000000000000000000e+00
0.000000000000000000e+00
0.000000000000000000e+00
0.000000000000000000e+00
0.000000000000000000e+00
0.000000000000000000e+00
0.000000000000000000e+00
0.000000000000000000e+00
0.000000000000000000e+00
0.000000000000000000e+00
0.000000000000000000e+00
0.000000000000000000e+00
0.000000000000000000e+00
0.000000000000000000e+00
0.000000000000000000e+00
0.000000000000000000e+00
0.000000000000000000e+00
0.000000000000000000e+00
0.000000000000000000e+00
0.000000000000000000e+00
0.000000000000000000e+00
1.666666716337203979e-01
0.000000000000000000e+00
0.000000000000000000e+00
0.000000000000000000e+00
0.000000000000000000e+00
0.000000000000000000e+00
0.000000000000000000e+00
0.000000000000000000e+00
0.000000000000000000e+00
0.000000000000000000e+00
0.000000000000000000e+00
0.000000000000000000e+00
0.000000000000000000e+00
0.000000000000000000e+00
0.000000000000000000e+00
0.000000000000000000e+00
0.000000000000000000e+00
0.000000000000000000e+00
0.000000000000000000e+00
0.000000000000000000e+00
0.000000000000000000e+00
0.000000000000000000e+00
0.000000000000000000e+00
0.000000000000000000e+00
0.000000000000000000e+00
0.000000000000000000e+00
0.000000000000000000e+00
0.000000000000000000e+00
0.000000000000000000e+00
0.000000000000000000e+00
0.000000000000000000e+00
0.000000000000000000e+00
0.000000000000000000e+00
0.000000000000000000e+00
0.000000000000000000e+00
0.000000000000000000e+00
0.000000000000000000e+00
0.000000000000000000e+00
0.000000000000000000e+00
0.000000000000000000e+00
0.000000000000000000e+00
0.000000000000000000e+00
0.000000000000000000e+00
0.000000000000000000e+00
0.000000000000000000e+00
0.000000000000000000e+00
0.000000000000000000e+00
0.000000000000000000e+00
0.000000000000000000e+00
0.000000000000000000e+00
0.000000000000000000e+00
0.000000000000000000e+00
0.000000000000000000e+00
0.000000000000000000e+00
0.000000000000000000e+00
0.000000000000000000e+00
0.000000000000000000e+00
0.000000000000000000e+00
0.000000000000000000e+00
0.000000000000000000e+00
0.000000000000000000e+00
0.000000000000000000e+00
0.000000000000000000e+00
0.000000000000000000e+00
0.000000000000000000e+00
0.000000000000000000e+00
0.000000000000000000e+00
0.000000000000000000e+00
0.000000000000000000e+00
0.000000000000000000e+00
0.000000000000000000e+00
0.000000000000000000e+00
0.000000000000000000e+00
0.000000000000000000e+00
0.000000000000000000e+00
0.000000000000000000e+00
0.000000000000000000e+00
0.000000000000000000e+00
0.000000000000000000e+00
0.000000000000000000e+00
0.000000000000000000e+00
0.000000000000000000e+00
0.000000000000000000e+00
0.000000000000000000e+00
0.000000000000000000e+00
0.000000000000000000e+00
0.000000000000000000e+00
0.000000000000000000e+00
0.000000000000000000e+00
0.000000000000000000e+00
0.000000000000000000e+00
0.000000000000000000e+00
0.000000000000000000e+00
0.000000000000000000e+00
0.000000000000000000e+00
0.000000000000000000e+00
0.000000000000000000e+00
0.000000000000000000e+00
0.000000000000000000e+00
0.000000000000000000e+00
0.000000000000000000e+00
0.000000000000000000e+00
0.000000000000000000e+00
0.000000000000000000e+00
0.000000000000000000e+00
0.000000000000000000e+00
0.000000000000000000e+00
0.000000000000000000e+00
0.000000000000000000e+00
0.000000000000000000e+00
0.000000000000000000e+00
0.000000000000000000e+00
0.000000000000000000e+00
0.000000000000000000e+00
0.000000000000000000e+00
0.000000000000000000e+00
0.000000000000000000e+00
0.000000000000000000e+00
0.000000000000000000e+00
0.000000000000000000e+00
0.000000000000000000e+00
0.000000000000000000e+00
0.000000000000000000e+00
0.000000000000000000e+00
0.000000000000000000e+00
0.000000000000000000e+00
0.000000000000000000e+00
0.000000000000000000e+00
0.000000000000000000e+00
0.000000000000000000e+00
0.000000000000000000e+00
0.000000000000000000e+00
0.000000000000000000e+00
0.000000000000000000e+00
0.000000000000000000e+00
0.000000000000000000e+00
0.000000000000000000e+00
0.000000000000000000e+00
0.000000000000000000e+00
0.000000000000000000e+00
0.000000000000000000e+00
0.000000000000000000e+00
0.000000000000000000e+00
0.000000000000000000e+00
0.000000000000000000e+00
0.000000000000000000e+00
0.000000000000000000e+00
0.000000000000000000e+00
0.000000000000000000e+00
0.000000000000000000e+00
0.000000000000000000e+00
0.000000000000000000e+00
0.000000000000000000e+00
0.000000000000000000e+00
0.000000000000000000e+00
0.000000000000000000e+00
0.000000000000000000e+00
0.000000000000000000e+00
0.000000000000000000e+00
0.000000000000000000e+00
0.000000000000000000e+00
0.000000000000000000e+00
0.000000000000000000e+00
0.000000000000000000e+00
0.000000000000000000e+00
0.000000000000000000e+00
0.000000000000000000e+00
0.000000000000000000e+00
0.000000000000000000e+00
0.000000000000000000e+00
0.000000000000000000e+00
0.000000000000000000e+00
0.000000000000000000e+00
0.000000000000000000e+00
0.000000000000000000e+00
0.000000000000000000e+00
0.000000000000000000e+00
0.000000000000000000e+00
0.000000000000000000e+00
0.000000000000000000e+00
0.000000000000000000e+00
0.000000000000000000e+00
0.000000000000000000e+00
0.000000000000000000e+00
0.000000000000000000e+00
0.000000000000000000e+00
0.000000000000000000e+00
0.000000000000000000e+00
0.000000000000000000e+00
0.000000000000000000e+00
0.000000000000000000e+00
0.000000000000000000e+00
0.000000000000000000e+00
0.000000000000000000e+00
0.000000000000000000e+00
0.000000000000000000e+00
0.000000000000000000e+00
0.000000000000000000e+00
0.000000000000000000e+00
0.000000000000000000e+00
0.000000000000000000e+00
0.000000000000000000e+00
0.000000000000000000e+00
0.000000000000000000e+00
0.000000000000000000e+00
0.000000000000000000e+00
0.000000000000000000e+00
0.000000000000000000e+00
0.000000000000000000e+00
0.000000000000000000e+00
0.000000000000000000e+00
0.000000000000000000e+00
0.000000000000000000e+00
0.000000000000000000e+00
0.000000000000000000e+00
0.000000000000000000e+00
0.000000000000000000e+00
0.000000000000000000e+00
0.000000000000000000e+00
0.000000000000000000e+00
0.000000000000000000e+00
0.000000000000000000e+00
0.000000000000000000e+00
0.000000000000000000e+00
0.000000000000000000e+00
0.000000000000000000e+00
0.000000000000000000e+00
0.000000000000000000e+00
0.000000000000000000e+00
0.000000000000000000e+00
0.000000000000000000e+00
0.000000000000000000e+00
0.000000000000000000e+00
0.000000000000000000e+00
0.000000000000000000e+00
0.000000000000000000e+00
0.000000000000000000e+00
0.000000000000000000e+00
0.000000000000000000e+00
0.000000000000000000e+00
0.000000000000000000e+00
0.000000000000000000e+00
0.000000000000000000e+00
0.000000000000000000e+00
0.000000000000000000e+00
0.000000000000000000e+00
0.000000000000000000e+00
0.000000000000000000e+00
0.000000000000000000e+00
0.000000000000000000e+00
0.000000000000000000e+00
0.000000000000000000e+00
0.000000000000000000e+00
0.000000000000000000e+00
0.000000000000000000e+00
0.000000000000000000e+00
0.000000000000000000e+00
0.000000000000000000e+00
0.000000000000000000e+00
0.000000000000000000e+00
0.000000000000000000e+00
0.000000000000000000e+00
0.000000000000000000e+00
0.000000000000000000e+00
0.000000000000000000e+00
0.000000000000000000e+00
0.000000000000000000e+00
0.000000000000000000e+00
0.000000000000000000e+00
0.000000000000000000e+00
0.000000000000000000e+00
0.000000000000000000e+00
0.000000000000000000e+00
0.000000000000000000e+00
0.000000000000000000e+00
0.000000000000000000e+00
0.000000000000000000e+00
0.000000000000000000e+00
0.000000000000000000e+00
0.000000000000000000e+00
0.000000000000000000e+00
0.000000000000000000e+00
0.000000000000000000e+00
0.000000000000000000e+00
0.000000000000000000e+00
0.000000000000000000e+00
0.000000000000000000e+00
1.666666716337203979e-01
0.000000000000000000e+00
0.000000000000000000e+00
0.000000000000000000e+00
0.000000000000000000e+00
0.000000000000000000e+00
0.000000000000000000e+00
0.000000000000000000e+00
0.000000000000000000e+00
0.000000000000000000e+00
0.000000000000000000e+00
0.000000000000000000e+00
0.000000000000000000e+00
0.000000000000000000e+00
0.000000000000000000e+00
0.000000000000000000e+00
0.000000000000000000e+00
0.000000000000000000e+00
0.000000000000000000e+00
0.000000000000000000e+00
0.000000000000000000e+00
0.000000000000000000e+00
0.000000000000000000e+00
0.000000000000000000e+00
0.000000000000000000e+00
0.000000000000000000e+00
0.000000000000000000e+00
0.000000000000000000e+00
0.000000000000000000e+00
0.000000000000000000e+00
0.000000000000000000e+00
0.000000000000000000e+00
0.000000000000000000e+00
0.000000000000000000e+00
0.000000000000000000e+00
0.000000000000000000e+00
0.000000000000000000e+00
0.000000000000000000e+00
0.000000000000000000e+00
0.000000000000000000e+00
0.000000000000000000e+00
0.000000000000000000e+00
0.000000000000000000e+00
0.000000000000000000e+00
0.000000000000000000e+00
0.000000000000000000e+00
0.000000000000000000e+00
0.000000000000000000e+00
0.000000000000000000e+00
0.000000000000000000e+00
0.000000000000000000e+00
0.000000000000000000e+00
0.000000000000000000e+00
0.000000000000000000e+00
0.000000000000000000e+00
0.000000000000000000e+00
0.000000000000000000e+00
0.000000000000000000e+00
0.000000000000000000e+00
0.000000000000000000e+00
0.000000000000000000e+00
0.000000000000000000e+00
0.000000000000000000e+00
0.000000000000000000e+00
0.000000000000000000e+00
0.000000000000000000e+00
0.000000000000000000e+00
0.000000000000000000e+00
0.000000000000000000e+00
0.000000000000000000e+00
0.000000000000000000e+00
0.000000000000000000e+00
0.000000000000000000e+00
0.000000000000000000e+00
0.000000000000000000e+00
0.000000000000000000e+00
0.000000000000000000e+00
0.000000000000000000e+00
0.000000000000000000e+00
0.000000000000000000e+00
0.000000000000000000e+00
0.000000000000000000e+00
0.000000000000000000e+00
0.000000000000000000e+00
0.000000000000000000e+00
0.000000000000000000e+00
0.000000000000000000e+00
0.000000000000000000e+00
0.000000000000000000e+00
0.000000000000000000e+00
0.000000000000000000e+00
0.000000000000000000e+00
0.000000000000000000e+00
0.000000000000000000e+00
0.000000000000000000e+00
0.000000000000000000e+00
0.000000000000000000e+00
0.000000000000000000e+00
0.000000000000000000e+00
0.000000000000000000e+00
0.000000000000000000e+00
0.000000000000000000e+00
0.000000000000000000e+00
0.000000000000000000e+00
0.000000000000000000e+00
0.000000000000000000e+00
0.000000000000000000e+00
0.000000000000000000e+00
0.000000000000000000e+00
0.000000000000000000e+00
0.000000000000000000e+00
0.000000000000000000e+00
0.000000000000000000e+00
0.000000000000000000e+00
0.000000000000000000e+00
0.000000000000000000e+00
0.000000000000000000e+00
0.000000000000000000e+00
0.000000000000000000e+00
0.000000000000000000e+00
0.000000000000000000e+00
0.000000000000000000e+00
0.000000000000000000e+00
0.000000000000000000e+00
0.000000000000000000e+00
0.000000000000000000e+00
0.000000000000000000e+00
0.000000000000000000e+00
0.000000000000000000e+00
0.000000000000000000e+00
0.000000000000000000e+00
0.000000000000000000e+00
0.000000000000000000e+00
0.000000000000000000e+00
0.000000000000000000e+00
0.000000000000000000e+00
0.000000000000000000e+00
0.000000000000000000e+00
0.000000000000000000e+00
0.000000000000000000e+00
0.000000000000000000e+00
0.000000000000000000e+00
0.000000000000000000e+00
0.000000000000000000e+00
0.000000000000000000e+00
0.000000000000000000e+00
0.000000000000000000e+00
0.000000000000000000e+00
0.000000000000000000e+00
0.000000000000000000e+00
0.000000000000000000e+00
0.000000000000000000e+00
0.000000000000000000e+00
0.000000000000000000e+00
0.000000000000000000e+00
0.000000000000000000e+00
0.000000000000000000e+00
0.000000000000000000e+00
0.000000000000000000e+00
0.000000000000000000e+00
0.000000000000000000e+00
0.000000000000000000e+00
0.000000000000000000e+00
0.000000000000000000e+00
0.000000000000000000e+00
0.000000000000000000e+00
0.000000000000000000e+00
0.000000000000000000e+00
0.000000000000000000e+00
0.000000000000000000e+00
0.000000000000000000e+00
0.000000000000000000e+00
0.000000000000000000e+00
0.000000000000000000e+00
0.000000000000000000e+00
0.000000000000000000e+00
0.000000000000000000e+00
0.000000000000000000e+00
0.000000000000000000e+00
0.000000000000000000e+00
0.000000000000000000e+00
0.000000000000000000e+00
0.000000000000000000e+00
0.000000000000000000e+00
0.000000000000000000e+00
0.000000000000000000e+00
0.000000000000000000e+00
0.000000000000000000e+00
0.000000000000000000e+00
0.000000000000000000e+00
0.000000000000000000e+00
0.000000000000000000e+00
0.000000000000000000e+00
0.000000000000000000e+00
0.000000000000000000e+00
0.000000000000000000e+00
0.000000000000000000e+00
0.000000000000000000e+00
0.000000000000000000e+00
0.000000000000000000e+00
0.000000000000000000e+00
0.000000000000000000e+00
0.000000000000000000e+00
0.000000000000000000e+00
0.000000000000000000e+00
0.000000000000000000e+00
0.000000000000000000e+00
0.000000000000000000e+00
0.000000000000000000e+00
0.000000000000000000e+00
0.000000000000000000e+00
0.000000000000000000e+00
0.000000000000000000e+00
0.000000000000000000e+00
0.000000000000000000e+00
0.000000000000000000e+00
0.000000000000000000e+00
0.000000000000000000e+00
0.000000000000000000e+00
0.000000000000000000e+00
0.000000000000000000e+00
0.000000000000000000e+00
0.000000000000000000e+00
0.000000000000000000e+00
0.000000000000000000e+00
0.000000000000000000e+00
0.000000000000000000e+00
0.000000000000000000e+00
0.000000000000000000e+00
0.000000000000000000e+00
0.000000000000000000e+00
0.000000000000000000e+00
0.000000000000000000e+00
0.000000000000000000e+00
0.000000000000000000e+00
0.000000000000000000e+00
0.000000000000000000e+00
0.000000000000000000e+00
0.000000000000000000e+00
0.000000000000000000e+00
0.000000000000000000e+00
0.000000000000000000e+00
0.000000000000000000e+00
0.000000000000000000e+00
0.000000000000000000e+00
0.000000000000000000e+00
0.000000000000000000e+00
0.000000000000000000e+00
0.000000000000000000e+00
0.000000000000000000e+00
0.000000000000000000e+00
0.000000000000000000e+00
0.000000000000000000e+00
0.000000000000000000e+00
0.000000000000000000e+00
0.000000000000000000e+00
0.000000000000000000e+00
0.000000000000000000e+00
0.000000000000000000e+00
0.000000000000000000e+00
0.000000000000000000e+00
0.000000000000000000e+00
0.000000000000000000e+00
0.000000000000000000e+00
0.000000000000000000e+00
0.000000000000000000e+00
0.000000000000000000e+00
0.000000000000000000e+00
0.000000000000000000e+00
0.000000000000000000e+00
0.000000000000000000e+00
0.000000000000000000e+00
0.000000000000000000e+00
0.000000000000000000e+00
0.000000000000000000e+00
0.000000000000000000e+00
0.000000000000000000e+00
0.000000000000000000e+00
0.000000000000000000e+00
0.000000000000000000e+00
0.000000000000000000e+00
0.000000000000000000e+00
0.000000000000000000e+00
0.000000000000000000e+00
0.000000000000000000e+00
0.000000000000000000e+00
0.000000000000000000e+00
0.000000000000000000e+00
0.000000000000000000e+00
0.000000000000000000e+00
0.000000000000000000e+00
0.000000000000000000e+00
0.000000000000000000e+00
0.000000000000000000e+00
0.000000000000000000e+00
0.000000000000000000e+00
0.000000000000000000e+00
0.000000000000000000e+00
0.000000000000000000e+00
0.000000000000000000e+00
0.000000000000000000e+00
0.000000000000000000e+00
0.000000000000000000e+00
0.000000000000000000e+00
0.000000000000000000e+00
0.000000000000000000e+00
0.000000000000000000e+00
0.000000000000000000e+00
0.000000000000000000e+00
0.000000000000000000e+00
0.000000000000000000e+00
0.000000000000000000e+00
0.000000000000000000e+00
0.000000000000000000e+00
0.000000000000000000e+00
0.000000000000000000e+00
0.000000000000000000e+00
0.000000000000000000e+00
0.000000000000000000e+00
0.000000000000000000e+00
0.000000000000000000e+00
0.000000000000000000e+00
0.000000000000000000e+00
0.000000000000000000e+00
0.000000000000000000e+00
0.000000000000000000e+00
0.000000000000000000e+00
0.000000000000000000e+00
0.000000000000000000e+00
0.000000000000000000e+00
0.000000000000000000e+00
0.000000000000000000e+00
0.000000000000000000e+00
0.000000000000000000e+00
0.000000000000000000e+00
0.000000000000000000e+00
0.000000000000000000e+00
0.000000000000000000e+00
0.000000000000000000e+00
0.000000000000000000e+00
0.000000000000000000e+00
0.000000000000000000e+00
0.000000000000000000e+00
0.000000000000000000e+00
0.000000000000000000e+00
0.000000000000000000e+00
0.000000000000000000e+00
0.000000000000000000e+00
0.000000000000000000e+00
0.000000000000000000e+00
0.000000000000000000e+00
0.000000000000000000e+00
0.000000000000000000e+00
0.000000000000000000e+00
0.000000000000000000e+00
0.000000000000000000e+00
0.000000000000000000e+00
0.000000000000000000e+00
0.000000000000000000e+00
0.000000000000000000e+00
0.000000000000000000e+00
1.666666716337203979e-01
0.000000000000000000e+00
0.000000000000000000e+00
0.000000000000000000e+00
0.000000000000000000e+00
0.000000000000000000e+00
0.000000000000000000e+00
0.000000000000000000e+00
0.000000000000000000e+00
0.000000000000000000e+00
0.000000000000000000e+00
0.000000000000000000e+00
0.000000000000000000e+00
1.666666716337203979e-01
0.000000000000000000e+00
0.000000000000000000e+00
0.000000000000000000e+00
0.000000000000000000e+00
0.000000000000000000e+00
0.000000000000000000e+00
0.000000000000000000e+00
0.000000000000000000e+00
0.000000000000000000e+00
0.000000000000000000e+00
0.000000000000000000e+00
0.000000000000000000e+00
0.000000000000000000e+00
0.000000000000000000e+00
0.000000000000000000e+00
0.000000000000000000e+00
0.000000000000000000e+00
0.000000000000000000e+00
0.000000000000000000e+00
0.000000000000000000e+00
0.000000000000000000e+00
0.000000000000000000e+00
0.000000000000000000e+00
0.000000000000000000e+00
0.000000000000000000e+00
0.000000000000000000e+00
0.000000000000000000e+00
0.000000000000000000e+00
0.000000000000000000e+00
0.000000000000000000e+00
0.000000000000000000e+00
0.000000000000000000e+00
0.000000000000000000e+00
0.000000000000000000e+00
0.000000000000000000e+00
0.000000000000000000e+00
0.000000000000000000e+00
0.000000000000000000e+00
0.000000000000000000e+00
0.000000000000000000e+00
0.000000000000000000e+00
0.000000000000000000e+00
0.000000000000000000e+00
0.000000000000000000e+00
0.000000000000000000e+00
0.000000000000000000e+00
0.000000000000000000e+00
0.000000000000000000e+00
0.000000000000000000e+00
0.000000000000000000e+00
0.000000000000000000e+00
0.000000000000000000e+00
1.666666716337203979e-01
0.000000000000000000e+00
0.000000000000000000e+00
0.000000000000000000e+00
0.000000000000000000e+00
0.000000000000000000e+00
0.000000000000000000e+00
0.000000000000000000e+00
0.000000000000000000e+00
0.000000000000000000e+00
0.000000000000000000e+00
1.666666716337203979e-01
0.000000000000000000e+00
0.000000000000000000e+00
0.000000000000000000e+00
0.000000000000000000e+00
0.000000000000000000e+00
0.000000000000000000e+00
0.000000000000000000e+00
0.000000000000000000e+00
0.000000000000000000e+00
0.000000000000000000e+00
0.000000000000000000e+00
0.000000000000000000e+00
0.000000000000000000e+00
0.000000000000000000e+00
0.000000000000000000e+00
0.000000000000000000e+00
0.000000000000000000e+00
0.000000000000000000e+00
0.000000000000000000e+00
0.000000000000000000e+00
0.000000000000000000e+00
0.000000000000000000e+00
0.000000000000000000e+00
0.000000000000000000e+00
0.000000000000000000e+00
0.000000000000000000e+00
0.000000000000000000e+00
0.000000000000000000e+00
0.000000000000000000e+00
3.333333432674407959e-01
0.000000000000000000e+00
0.000000000000000000e+00
0.000000000000000000e+00
0.000000000000000000e+00
0.000000000000000000e+00
0.000000000000000000e+00
0.000000000000000000e+00
0.000000000000000000e+00
0.000000000000000000e+00
0.000000000000000000e+00
0.000000000000000000e+00
0.000000000000000000e+00
0.000000000000000000e+00
0.000000000000000000e+00
0.000000000000000000e+00
0.000000000000000000e+00
0.000000000000000000e+00
0.000000000000000000e+00
0.000000000000000000e+00
0.000000000000000000e+00
0.000000000000000000e+00
0.000000000000000000e+00
1.666666716337203979e-01
0.000000000000000000e+00
0.000000000000000000e+00
0.000000000000000000e+00
0.000000000000000000e+00
0.000000000000000000e+00
0.000000000000000000e+00
0.000000000000000000e+00
0.000000000000000000e+00
0.000000000000000000e+00
0.000000000000000000e+00
1.666666716337203979e-01
0.000000000000000000e+00
1.666666716337203979e-01
1.666666716337203979e-01
0.000000000000000000e+00
1.666666716337203979e-01
0.000000000000000000e+00
0.000000000000000000e+00
0.000000000000000000e+00
0.000000000000000000e+00
0.000000000000000000e+00
0.000000000000000000e+00
1.666666716337203979e-01
0.000000000000000000e+00
0.000000000000000000e+00
0.000000000000000000e+00
0.000000000000000000e+00
0.000000000000000000e+00
0.000000000000000000e+00
0.000000000000000000e+00
0.000000000000000000e+00
1.666666716337203979e-01
0.000000000000000000e+00
1.666666716337203979e-01
0.000000000000000000e+00
0.000000000000000000e+00
3.333333432674407959e-01
0.000000000000000000e+00
5.000000000000000000e-01
0.000000000000000000e+00
0.000000000000000000e+00
0.000000000000000000e+00
