-9.675337076187133789e-01
9.136821031570434570e-01
9.504012465476989746e-01
-9.964368343353271484e-01
9.892019629478454590e-01
-9.988894462585449219e-01
9.961461424827575684e-01
1.000000023742227990e-32
1.000000023742227990e-32
1.409174595028162003e-02
4.553957283496856689e-01
-9.954792857170104980e-01
2.443012082949280739e-03
2.709716558456420898e-01
-9.994725584983825684e-01
1.494258060120046139e-03
-4.291443910915404558e-04
-9.994722008705139160e-01
9.118029847741127014e-04
-5.919978721067309380e-04
-9.994573593139648438e-01
1.443096087314188480e-03
2.691047787666320801e-01
-9.997246861457824707e-01
1.137001556344330311e-03
3.077866137027740479e-01
-9.997767210006713867e-01
8.506978629156947136e-04
-6.991576519794762135e-04
-9.997797012329101562e-01
1.455890713259577751e-03
1.707933396100997925e-01
-9.998061060905456543e-01
1.375809544697403908e-03
2.028418183326721191e-01
-9.998241066932678223e-01
1.288020866923034191e-03
6.976937875151634216e-03
-9.996166825294494629e-01
2.103916602209210396e-03
1.612178534269332886e-01
-9.996680617332458496e-01
2.439829753711819649e-03
5.747251957654953003e-02
-9.996818304061889648e-01
1.558474381454288960e-03
1.691466383635997772e-02
-9.996926188468933105e-01
1.964035909622907639e-03
1.243607997894287109e-01
-9.997043609619140625e-01
1.678271801210939884e-03
-1.434646430425345898e-03
-9.996897578239440918e-01
2.528238575905561447e-03
-2.139732008799910545e-03
-9.996964931488037109e-01
2.363308100029826164e-03
2.124544531106948853e-01
-9.997276067733764648e-01
1.000000023742227990e-32
1.000000023742227990e-32
-9.997431635856628418e-01
1.257832045666873455e-03
4.604541957378387451e-01
-9.997828602790832520e-01
1.000000023742227990e-32
1.000000023742227990e-32
-9.995387792587280273e-01
1.895714434795081615e-03
-1.583034289069473743e-03
-9.995139241218566895e-01
1.912500942125916481e-03
-1.581007498316466808e-03
-9.995399713516235352e-01
1.890145009383559227e-03
2.704382687807083130e-02
-9.995221495628356934e-01
2.711352659389376640e-03
-2.256005769595503807e-03
-9.994974136352539062e-01
1.160211977548897266e-03
-1.479799626395106316e-03
-9.995332956314086914e-01
1.852452871389687061e-03
2.522939257323741913e-02
-9.994843006134033203e-01
2.383083570748567581e-03
5.532540753483772278e-02
-9.994962215423583984e-01
2.380965044721961021e-03
-2.146909246221184731e-03
-9.995024204254150391e-01
1.767047564499080181e-03
-1.181793166324496269e-03
-9.995045065879821777e-01
1.966723008081316948e-03
-1.635541906580328941e-03
-9.988793134689331055e-01
2.134387148544192314e-03
-1.632067258469760418e-03
-9.988824725151062012e-01
2.124013612046837807e-03
-1.628258265554904938e-03
-9.988692998886108398e-01
1.738274237141013145e-03
-2.291648115715361200e-08
-9.988712668418884277e-01
1.349655212834477425e-03
1.889563798904418945e-01
-9.990153908729553223e-01
2.881924156099557877e-03
-2.233526669442653656e-03
-9.990739226341247559e-01
2.973523689433932304e-03
-8.964479784481227398e-04
-9.989903569221496582e-01
1.516290591098368168e-03
-1.169127644971013069e-03
-9.990022778511047363e-01
2.963474020361900330e-03
1.461761742830276489e-01
-9.991475343704223633e-01
2.157448092475533485e-03
-1.712342258542776108e-03
-9.991720914840698242e-01
2.134434180334210396e-03
-1.708779018372297287e-03
-9.979963898658752441e-01
3.767825430259108543e-03
1.699642688035964966e-01
-9.983696341514587402e-01
2.425761660560965538e-03
-1.815816271118819714e-03
-9.983391165733337402e-01
3.514822572469711304e-03
-2.617176156491041183e-03
-9.982963204383850098e-01
2.439543604850769043e-03
-1.805193256586790085e-03
-9.982846975326538086e-01
2.234883606433868408e-03
-1.652273116633296013e-03
-9.982194304466247559e-01
4.083175677806138992e-03
7.209991663694381714e-02
-9.983335733413696289e-01
1.746618654578924179e-03
4.037431180477142334e-01
-9.985523223876953125e-01
1.246057800017297268e-03
-9.501212043687701225e-04
-9.985043406486511230e-01
3.797220299020409584e-03
-2.872749930247664452e-03
-9.985551238059997559e-01
2.986828563734889030e-03
-2.283405978232622147e-03
-9.965984821319580078e-01
3.260527504608035088e-03
-2.192148007452487946e-03
-9.964604973793029785e-01
3.449593903496861458e-03
-1.142986468039453030e-03
-9.964937567710876465e-01
3.561584278941154480e-03
-7.495732861571013927e-04
-9.964311718940734863e-01
2.750980667769908905e-03
-1.828557811677455902e-03
-9.963886141777038574e-01
1.456837868317961693e-03
-1.508025568909943104e-03
-9.963479042053222656e-01
2.465558703988790512e-03
-2.564702183008193970e-03
-9.962602853775024414e-01
-7.277197437360882759e-05
-1.795502146705985069e-03
-9.962199330329895020e-01
2.734652254730463028e-03
-1.794233685359358788e-03
-9.961249232292175293e-01
2.743152668699622154e-03
-1.786673092283308506e-03
-9.961717724800109863e-01
3.835377050563693047e-03
-2.517195651307702065e-03
-9.913446307182312012e-01
4.870470613241195679e-03
1.023759171366691589e-01
-9.911198019981384277e-01
-5.820964928716421127e-03
-1.478113583289086819e-03
-9.910356402397155762e-01
3.710285527631640434e-03
-1.962485956028103828e-03
-9.909002780914306641e-01
6.330145057290792465e-03
-2.878722443711012602e-04
-9.905994534492492676e-01
1.271987217478454113e-03
-1.722909975796937943e-03
-9.900023341178894043e-01
3.837633877992630005e-03
3.978200629353523254e-02
-9.899194836616516113e-01
6.842466536909341812e-03
8.678069710731506348e-02
-9.903730154037475586e-01
2.077692886814475060e-03
-1.014509936794638634e-03
-9.901276826858520508e-01
2.477366244420409203e-03
-8.597544510848820210e-04
-9.900503754615783691e-01
3.566951258108019829e-03
7.731535471975803375e-03
-9.781795144081115723e-01
-1.994361955439671874e-04
-1.693454338237643242e-03
-9.764192700386047363e-01
5.664761178195476532e-03
-2.480435883626341820e-03
-9.758388996124267578e-01
-1.744605368003249168e-03
-1.680661109276115894e-03
-9.740001559257507324e-01
3.786422079429030418e-03
-1.359237357974052429e-03
-9.731887578964233398e-01
3.792608855292201042e-03
-1.346859149634838104e-03
-9.721023440361022949e-01
8.491495624184608459e-03
-5.448639858514070511e-04
-9.722731113433837891e-01
1.000000023742227990e-32
1.000000023742227990e-32
-9.686496853828430176e-01
2.819165121763944626e-03
2.238122224807739258e-01
-9.697299599647521973e-01
3.405971918255090714e-03
-1.179898041300475597e-03
-9.678044319152832031e-01
5.739667452871799469e-03
1.073379591107368469e-01
-9.310885071754455566e-01
1.076086983084678650e-02
4.477109014987945557e-02
-9.291561245918273926e-01
1.736242622137069702e-01
9.050666703842580318e-04
-9.210723638534545898e-01
3.203235194087028503e-02
-1.820394420064985752e-03
-9.151118993759155273e-01
5.396248307079076767e-03
-1.258831820450723171e-03
-9.073008894920349121e-01
1.536616403609514236e-02
6.400902724523760412e-11
-9.044960141181945801e-01
1.055276766419410706e-02
-1.570450142025947571e-03
-8.962047100067138672e-01
1.498260162770748138e-02
-1.765077700838446617e-03
-8.860528469085693359e-01
9.326413273811340332e-03
-1.911450526677072048e-03
-8.739871382713317871e-01
-1.824333965778350830e-01
1.587546244263648987e-02
-8.773294091224670410e-01
-1.117350980639457703e-01
-8.921102285385131836e-01
-3.128482699394226074e-01
-3.206171691417694092e-01
2.319920249283313751e-02
-7.755356431007385254e-01
2.249267883598804474e-02
-1.608326565474271774e-03
-7.509110569953918457e-01
7.854267954826354980e-03
-8.488667011260986328e-01
-3.908051550388336182e-01
-5.177180767059326172e-01
1.557832807302474976e-01
-7.386183142662048340e-01
-3.784827888011932373e-01
9.101280570030212402e-02
-7.385979294776916504e-01
-4.636785089969635010e-01
3.417515009641647339e-02
-7.356243729591369629e-01
-2.813833057880401611e-01
-8.235291242599487305e-01
-3.193083405494689941e-01
-3.097330927848815918e-01
2.298336476087570190e-02
-7.360258102416992188e-01
-4.713362455368041992e-01
4.751356691122055054e-02
-7.387362718582153320e-01
-2.469358593225479126e-01
1.745982840657234192e-02
-8.458434939384460449e-01
1.000000023742227990e-32
1.000000023742227990e-32
-8.288331627845764160e-01
-1.944054812192916870e-01
3.084588237106800079e-02
-8.324870467185974121e-01
-1.796294003725051880e-01
1.347060967236757278e-02
-8.368042111396789551e-01
1.174707338213920593e-02
3.581241518259048462e-02
-8.162441253662109375e-01
-2.041371762752532959e-01
1.610299572348594666e-02
-8.164457082748413086e-01
-5.529965739697217941e-03
-1.298170886002480984e-03
-7.996300458908081055e-01
-4.717842210084199905e-03
-1.548008644022047520e-03
-7.782763242721557617e-01
-1.758973449468612671e-01
-9.031506776809692383e-01
-2.710207402706146240e-01
-2.831131219863891602e-01
1.997896842658519745e-02
-7.808818221092224121e-01
-1.632928252220153809e-01
1.110423076897859573e-02
-7.780500054359436035e-01
-2.346016615629196167e-01
1.644073426723480225e-02
-7.775647044181823730e-01
-2.822514176368713379e-01
2.005735784769058228e-02
-7.798625826835632324e-01
-1.460623890161514282e-01
3.161773830652236938e-02
-7.735039591789245605e-01
5.682596005499362946e-03
-7.889958024024963379e-01
-4.685600996017456055e-01
-3.028399944305419922e-01
2.037601731717586517e-02
-7.515776753425598145e-01
-2.537724673748016357e-01
-8.464724421501159668e-01
-3.014306426048278809e-01
-2.049979716539382935e-01
1.496495120227336884e-02
-7.492369413375854492e-01
-2.427350878715515137e-01
1.606391929090023041e-02
-7.521628737449645996e-01
-2.956668436527252197e-01
2.149601653218269348e-02
-7.508139014244079590e-01
-3.131160736083984375e-01
5.347582325339317322e-02
-8.604625463485717773e-01
-2.328248918056488037e-01
1.975702308118343353e-02
-8.593673110008239746e-01
-1.293679624795913696e-01
1.480106115341186523e-01
-8.788833618164062500e-01
-9.907194226980209351e-02
8.401369675993919373e-03
-8.760216236114501953e-01
-1.424244046211242676e-01
1.183831095695495605e-01
-8.808687925338745117e-01
-7.190487533807754517e-02
1.820398867130279541e-02
-8.813619613647460938e-01
-1.246241927146911621e-01
1.319088693708181381e-02
-8.819562792778015137e-01
1.636955887079238892e-02
-8.203452495081364759e-08
-8.731595277786254883e-01
-1.024478673934936523e-01
-9.010158777236938477e-01
-3.385172784328460693e-01
-1.200784072279930115e-01
1.003707386553287506e-02
-8.724330067634582520e-01
-1.614710241556167603e-01
1.669576019048690796e-02
-9.347615242004394531e-01
7.599399890750646591e-03
-1.951591577380895615e-03
-9.311544895172119141e-01
-4.672864079475402832e-02
4.280233290046453476e-03
-9.305989146232604980e-01
-7.249817252159118652e-02
7.605910301208496094e-03
-9.301682114601135254e-01
-7.286649942398071289e-02
-8.776749968528747559e-01
-4.145987331867218018e-01
-1.184483096003532410e-01
1.678494177758693695e-02
-9.305489063262939453e-01
-4.885240644216537476e-02
5.949175450950860977e-03
-9.304239153861999512e-01
-9.084012359380722046e-02
9.883669205009937286e-03
-9.308797121047973633e-01
1.824894733726978302e-02
-9.010742902755737305e-01
-4.196055531501770020e-01
-4.164088666439056396e-01
4.882926493883132935e-02
-9.260736107826232910e-01
-5.946005508303642273e-02
1.612161099910736084e-02
-9.646621346473693848e-01
-2.220172621309757233e-02
3.680829890072345734e-03
-9.641501903533935547e-01
-2.515940554440021515e-02
-9.302910566329956055e-01
-3.434006273746490479e-01
-2.599972672760486603e-02
8.228177577257156372e-02
-9.650763273239135742e-01
1.201003417372703552e-02
-9.652662277221679688e-01
-2.635371088981628418e-01
-4.684285819530487061e-02
6.455741357058286667e-03
-9.638394713401794434e-01
-6.881608814001083374e-02
9.922136552631855011e-03
-9.641115665435791016e-01
-4.684995859861373901e-02
-8.430813550949096680e-01
-4.979049861431121826e-01
-4.638846591114997864e-02
6.530691869556903839e-03
-9.637725949287414551e-01
-3.863989189267158508e-02
-8.424322605133056641e-01
-5.064506530761718750e-01
-2.860747091472148895e-02
9.105394780635833740e-02
-9.839739799499511719e-01
4.137123934924602509e-03
-1.568309497088193893e-03
-9.832304120063781738e-01
-1.125307753682136536e-02
2.484269440174102783e-03
-9.835790991783142090e-01
-1.180588733404874802e-02
-8.908891677856445312e-01
-4.435892105102539062e-01
-6.076833698898553848e-03
-9.260950684547424316e-01
-3.686171472072601318e-01
-2.229540199041366577e-01
4.263810068368911743e-02
-9.835000634193420410e-01
-8.745543658733367920e-03
1.825603074394166470e-03
-9.836997985839843750e-01
6.355206482112407684e-03
-5.182284512557089329e-04
-9.830637574195861816e-01
6.787767168134450912e-03
-8.920621476136147976e-04
-9.823596477508544922e-01
4.905485082417726517e-03
-1.778239500708878040e-03
-9.817014336585998535e-01
2.486440353095531464e-03
-8.850779267959296703e-04
-9.811996817588806152e-01
7.060517091304063797e-03
-8.802474476397037506e-04
-9.804871082305908203e-01
1.132418122142553329e-02
5.783278211879405717e-08
-9.798059463500976562e-01
7.258873898535966873e-03
-8.692131959833204746e-04
-9.796360135078430176e-01
8.404102176427841187e-03
-1.634411280974745750e-03
-9.788210988044738770e-01
2.584211993962526321e-03
2.910808026790618896e-01
-9.799853563308715820e-01
-1.956676319241523743e-02
1.787814125418663025e-02
-9.798238873481750488e-01
5.850491113960742950e-03
-2.054197015240788460e-03
-9.792445898056030273e-01
-2.436436712741851807e-01
4.201249778270721436e-02
-9.790231585502624512e-01
-1.526503451168537140e-02
-8.943383097648620605e-01
-4.337307214736938477e-01
-1.317496784031391144e-02
-9.328321814537048340e-01
-3.479927778244018555e-01
-2.628604881465435028e-02
-8.521198034286499023e-01
-5.008103847503662109e-01
-2.436602562665939331e-01
4.200430214405059814e-02
-9.790746569633483887e-01
-3.557991236448287964e-02
-7.510963678359985352e-01
-6.328314542770385742e-01
-8.015569299459457397e-03
1.070308499038219452e-03
-9.790286421775817871e-01
7.409980986267328262e-03
-9.114084532484412193e-04
-9.781898856163024902e-01
5.380180664360523224e-03
6.480621546506881714e-02
-9.782232642173767090e-01
3.828851506114006042e-03
-1.322166761383414268e-03
-9.773908257484436035e-01
-2.508739940822124481e-02
5.321132019162178040e-03
-9.777730703353881836e-01
-2.776861190795898438e-02
-8.542943000793457031e-01
-4.957589805126190186e-01
-2.803437784314155579e-02
4.010553471744060516e-03
-9.769747853279113770e-01
-2.169653214514255524e-02
2.670131623744964600e-03
-9.769018888473510742e-01
-3.193466365337371826e-02
1.522244960069656372e-01
-9.783989787101745605e-01
-1.501594390720129013e-02
-9.150866866111755371e-01
-3.894460797309875488e-01
-2.514530718326568604e-02
5.538980010896921158e-03
-9.784284830093383789e-01
1.007543783634901047e-02
-7.983265677466988564e-04
-9.780214428901672363e-01
-1.727618090808391571e-02
-9.161929488182067871e-01
-3.847588002681732178e-01
-4.282947257161140442e-02
6.786706391721963882e-03
-9.775520563125610352e-01
-2.180236205458641052e-02
2.831095596775412560e-03
-9.772343635559082031e-01
-2.886839210987091064e-02
4.082624800503253937e-03
-9.776463508605957031e-01
-4.274191334843635559e-02
6.804243661463260651e-03
-9.897469878196716309e-01
-4.205654840916395187e-03
-9.335235953330993652e-01
-3.545776903629302979e-01
-1.288847252726554871e-02
2.285125432536005974e-03
-9.895402193069458008e-01
2.256932668387889862e-03
-9.723316179588437080e-04
-9.893457889556884766e-01
-9.453708305954933167e-03
1.289969310164451599e-03
-9.892494678497314453e-01
2.276097191497683525e-03
-9.678386268205940723e-04
-9.891933202743530273e-01
-2.097565494477748871e-02
4.199516959488391876e-03
-9.890560507774353027e-01
-2.112868241965770721e-02
4.143967293202877045e-03
-9.890823364257812500e-01
-4.036193247884511948e-03
-9.447342157363891602e-01
-3.240122199058532715e-01
-9.589085355401039124e-03
-8.974801898002624512e-01
-4.324013888835906982e-01
-1.330235786736011505e-02
2.432091860100626945e-03
-9.951414465904235840e-01
-5.772694945335388184e-03
1.178495702333748341e-03
-9.949844479560852051e-01
-3.330031468067318201e-04
3.527949156705290079e-04
-9.950537681579589844e-01
3.709618933498859406e-03
-9.235315322875976562e-01
-3.850324153900146484e-01
-5.753643810749053955e-03
1.009832601994276047e-03
-9.949756860733032227e-01
-9.918684139847755432e-03
2.442356431856751442e-03
-9.949810504913330078e-01
-1.404805779457092285e-01
4.068909212946891785e-02
-9.949542284011840820e-01
-2.406906802207231522e-03
-3.084471682086586952e-04
-9.948813915252685547e-01
-2.495440887287259102e-03
4.028523690067231655e-04
-9.949378967285156250e-01
-2.188623184338212013e-03
-2.332449803361669183e-04
-9.949544072151184082e-01
4.183842800557613373e-03
5.547120817936956882e-04
-9.977034330368041992e-01
2.221153117716312408e-03
-1.356204156763851643e-03
-9.976669549942016602e-01
1.626229030080139637e-03
-1.588944345712661743e-03
-9.976655244827270508e-01
2.220836235210299492e-03
-1.350032747723162174e-03
-9.975987076759338379e-01
7.134215557016432285e-04
-4.287679912522435188e-04
-9.975439310073852539e-01
3.162496257573366165e-03
-9.501170716248452663e-04
-9.975427985191345215e-01
3.541345242410898209e-03
-1.273061730898916721e-03
-9.974630475044250488e-01
2.756747649982571602e-03
-5.467542214319109917e-04
-9.974761009216308594e-01
3.566209459677338600e-03
-1.269229454919695854e-03
-9.974209666252136230e-01
1.000000023742227990e-32
1.000000023742227990e-32
-9.974146485328674316e-01
4.248966928571462631e-03
-1.069353893399238586e-03
-9.941390156745910645e-01
3.904313314706087112e-03
-9.070376753807067871e-01
-4.220950007438659668e-01
-1.100875902920961380e-02
2.355709439143538475e-03
-9.940965771675109863e-01
-5.680045578628778458e-03
2.372016198933124542e-03
-9.938881993293762207e-01
-2.149935811758041382e-03
6.798941176384687424e-04
-9.940865039825439453e-01
-4.101107362657785416e-03
3.049697552341967821e-04
-9.939936399459838867e-01
-1.316531561315059662e-04
-1.894398301374167204e-04
-9.940540790557861328e-01
3.365419339388608932e-03
-9.076632261276245117e-01
-4.202243983745574951e-01
-1.111391931772232056e-02
-7.754698395729064941e-01
-6.226844787597656250e-01
-4.146575462073087692e-03
1.620348193682730198e-03
-9.937973022460937500e-01
-3.668653545901179314e-03
-9.056368470191955566e-01
-4.211421906948089600e-01
-1.171886455267667770e-03
-4.676479438785463572e-04
-9.972743988037109375e-01
2.792062005028128624e-03
1.333963871002197266e-01
-9.974545836448669434e-01
1.655163592658936977e-03
-9.893639944493770599e-04
-9.973848462104797363e-01
3.179863560944795609e-03
-3.988768426665956213e-08
-9.974012970924377441e-01
2.260201377794146538e-03
-6.167107102772462213e-11
-9.973411560058593750e-01
2.272235928103327751e-03
0.000000000000000000e+00
-9.973157048225402832e-01
1.000000023742227990e-32
1.000000023742227990e-32
-9.973399043083190918e-01
2.345439046621322632e-03
-1.388123142533004284e-03
-9.972764849662780762e-01
2.849877346307039261e-03
-5.655867862515151501e-04
-9.972267746925354004e-01
2.820197725668549538e-03
5.650448147207498550e-04
-9.937667846679687500e-01
4.011516459286212921e-03
-5.639353184960782528e-04
-9.936658143997192383e-01
2.869247691705822945e-03
-1.378929242491722107e-03
-9.934960603713989258e-01
4.558147862553596497e-03
9.669841080904006958e-02
-9.937042593955993652e-01
-8.440040051937103271e-03
1.812698096036911011e-01
-9.943518042564392090e-01
5.075797438621520996e-03
-2.625594614073634148e-03
-9.941661953926086426e-01
3.937023226171731949e-03
-6.171767017804086208e-04
-9.942150712013244629e-01
4.144681617617607117e-03
-2.135082148015499115e-03
-9.939593076705932617e-01
3.632818581536412239e-03
-1.139581785537302494e-03
-9.938796758651733398e-01
3.647967474535107613e-03
1.040892973542213440e-01
-9.940784573554992676e-01
4.824345465749502182e-03
-2.455383539199829102e-03
-9.863584637641906738e-01
6.266403011977672577e-03
-1.102208974771201611e-03
-9.860899448394775391e-01
-1.745262928307056427e-02
2.651571994647383690e-03
-9.861690998077392578e-01
6.001797970384359360e-03
-2.458618488162755966e-03
-9.856661558151245117e-01
5.186407361179590225e-03
5.526366586572351025e-10
-9.850459694862365723e-01
-6.219481118023395538e-03
-9.319266676902770996e-01
-3.568965792655944824e-01
-1.553137321025133133e-02
-8.502664566040039062e-01
-5.132251977920532227e-01
-1.207029353827238083e-02
2.847185125574469566e-03
-9.851467013359069824e-01
6.475646514445543289e-03
-1.091170823201537132e-03
-9.847400784492492676e-01
6.869305856525897980e-03
4.785754135809838772e-04
-9.844568967819213867e-01
-1.263267174363136292e-02
2.833532402291893959e-03
-9.843940138816833496e-01
-1.746351644396781921e-02
4.210850689560174942e-03
-9.843635559082031250e-01
-2.934715338051319122e-02
4.821767099201679230e-03
-9.843480587005615234e-01
-1.062441151589155197e-02
7.996842614375054836e-04
-9.843145608901977539e-01
-1.893622241914272308e-02
-8.537640571594238281e-01
-5.043799877166748047e-01
-2.947089634835720062e-02
4.774333909153938293e-03
-9.841410517692565918e-01
-1.905431225895881653e-02
2.594757126644253731e-03
-9.840943217277526855e-01
-1.908495090901851654e-02
2.579713938757777214e-03
-9.842195510864257812e-01
4.813011270016431808e-03
1.082849572412669659e-03
-9.837928414344787598e-01
-3.001566790044307709e-02
4.772709216922521591e-03
-9.837608337402343750e-01
7.533449679613113403e-02
-9.196338653564453125e-01
-4.635478854179382324e-01
-1.388766150921583176e-02
2.836560131981968880e-03
-9.926152229309082031e-01
-2.808427205309271812e-03
-9.371521472930908203e-01
-3.462988734245300293e-01
-8.249678649008274078e-03
1.242875703610479832e-03
-9.925992488861083984e-01
-5.435755476355552673e-03
3.736192302312701941e-04
-9.926593303680419922e-01
5.674751941114664078e-03
-9.379616975784301758e-01
-3.494876027107238770e-01
3.849407192319631577e-03
-1.809578039683401585e-03
-9.923065900802612305e-01
3.254760755226016045e-03
-1.518618897534906864e-03
-9.921436905860900879e-01
6.262114737182855606e-03
-8.740294724702835083e-04
-9.919254183769226074e-01
-1.453114487230777740e-02
2.820439636707305908e-03
-9.920055866241455078e-01
7.968883728608489037e-04
-1.841375604271888733e-03
-9.918954968452453613e-01
4.488980863243341446e-03
-6.144164944998919964e-04
-9.916588664054870605e-01
-2.187181962653994560e-03
3.119804896414279938e-04
-9.916432499885559082e-01
1.930600265040993690e-03
-8.708403911441564560e-04
-9.915423989295959473e-01
1.000000023742227990e-32
1.000000023742227990e-32
-9.914031624794006348e-01
3.232175484299659729e-03
-9.180598258972167969e-01
-3.976944088935852051e-01
-3.364399075508117676e-03
-9.270112514495849609e-01
-3.719317317008972168e-01
-7.085221353918313980e-03
-4.381965845823287964e-05
-9.911089539527893066e-01
2.387556247413158417e-03
-1.049141283147037029e-03
-9.908771514892578125e-01
-5.908102262765169144e-03
-9.070865511894226074e-01
-4.155808985233306885e-01
-1.607646699994802475e-03
-9.411326050758361816e-01
-3.365067541599273682e-01
-1.698081642389297485e-01
3.524607792496681213e-02
-9.910236597061157227e-01
-2.828852739185094833e-03
-5.954834050498902798e-04
-9.907957315444946289e-01
-8.392344228923320770e-03
-8.687794208526611328e-01
-4.879792034626007080e-01
-1.584352739155292511e-02
2.790120197460055351e-03
-9.908385872840881348e-01
5.951912142336368561e-03
-4.877278697676956654e-04
-9.906898736953735352e-01
4.728055559098720551e-03
-6.004353053867816925e-04
-9.905617237091064453e-01
3.410229925066232681e-03
1.036061206832528114e-03
-9.903639554977416992e-01
5.891049280762672424e-03
-1.383793307468295097e-03
-9.902107119560241699e-01
-1.663498207926750183e-02
-7.837767004966735840e-01
-6.079016923904418945e-01
-1.744258850812911987e-01
3.501377999782562256e-02
-9.901282191276550293e-01
-1.011668425053358078e-02
1.244619372300803661e-03
-9.901195764541625977e-01
-3.126274095848202705e-03
-5.979238194413483143e-04
-9.900823831558227539e-01
5.428592208772897720e-03
-1.027210615575313568e-03
-9.899442791938781738e-01
-4.269300494343042374e-03
-9.310928583145141602e-01
-3.607960343360900879e-01
-4.298630636185407639e-03
8.672358817420899868e-04
-9.898037314414978027e-01
6.474912166595458984e-03
-4.575195198412984610e-04
-9.896250963211059570e-01
-9.709495119750499725e-03
2.665719017386436462e-03
-9.896404147148132324e-01
-1.554949302226305008e-02
5.344369448721408844e-03
-9.896312355995178223e-01
-7.323312573134899139e-03
3.453186363913118839e-04
-9.895580410957336426e-01
5.601651500910520554e-03
-2.276387298479676247e-03
-9.893436431884765625e-01
1.000000023742227990e-32
1.000000023742227990e-32
-9.891353845596313477e-01
2.903041429817676544e-03
-1.157946186140179634e-03
-9.889377951622009277e-01
6.325632333755493164e-03
-9.015911817550659180e-01
-4.334827065467834473e-01
-7.845482788980007172e-03
1.032018219120800495e-03
-9.886201620101928711e-01
2.559554763138294220e-03
-9.968234226107597351e-04
-9.884384870529174805e-01
5.121080204844474792e-03
-1.980435568839311600e-03
-9.882740378379821777e-01
6.796196103096008301e-03
-9.574303627014160156e-01
-2.917443513870239258e-01
-5.635871086269617081e-03
-8.200551383197307587e-05
-9.879874587059020996e-01
-1.068395376205444336e-02
2.619671635329723358e-03
-9.879672527313232422e-01
-8.311048150062561035e-03
-9.135490655899047852e-01
-3.991341888904571533e-01
-7.280102465301752090e-03
1.555673894472420216e-03
-9.879760742187500000e-01
-3.312120679765939713e-03
-9.477573633193969727e-01
-3.158356249332427979e-01
-5.665460135787725449e-03
-9.358685016632080078e-01
-3.470476567745208740e-01
-1.957431808114051819e-02
3.944865241646766663e-02
-9.879617094993591309e-01
-1.163996849209070206e-02
-8.821541070938110352e-01
-4.606887698173522949e-01
-1.861582100391387939e-01
3.272697702050209045e-02
-9.879461526870727539e-01
-1.074707508087158203e-02
2.632250776514410973e-03
-9.879291057586669922e-01
5.841935984790325165e-03
-9.386412501335144043e-01
-3.461621701717376709e-01
-7.422390859574079514e-03
1.564517733640968800e-03
-9.876381754875183105e-01
-5.436157807707786560e-03
2.872326644137501717e-03
-9.944605231285095215e-01
2.077469136565923691e-03
-8.069257736206054688e-01
-5.890114903450012207e-01
-2.599666826426982880e-03
-2.797982597257941961e-04
-9.943094849586486816e-01
3.589266678318381310e-03
-9.063238501548767090e-01
-4.216718375682830811e-01
-1.243338570930063725e-03
-7.312940433621406555e-04
-9.942400455474853516e-01
4.931769799441099167e-03
-9.509956836700439453e-01
-3.121267855167388916e-01
4.491497762501239777e-03
1.144136452246868885e-10
-9.940882921218872070e-01
4.374712239950895309e-03
-9.737309301272034645e-04
-9.940011501312255859e-01
3.219329286366701126e-03
6.707265356453717686e-07
-9.938960671424865723e-01
2.132291672751307487e-03
-9.690391016192734241e-04
-9.938413500785827637e-01
3.264228580519556999e-03
2.248113917246996607e-10
-9.861877560615539551e-01
4.453419242054224014e-03
-1.589716412127017975e-03
-9.857821464538574219e-01
2.724199555814266205e-03
-9.557340526953339577e-04
-9.855890870094299316e-01
6.474074907600879669e-03
-9.554280638694763184e-01
-2.958745956420898438e-01
-5.912992171943187714e-03
1.073148450814187527e-03
-9.852076768875122070e-01
-9.670293889939785004e-03
1.599301397800445557e-01
-9.866764545440673828e-01
-4.380914382636547089e-03
-9.380397796630859375e-01
-3.408781886100769043e-01
-2.093105018138885498e-02
-7.931751608848571777e-01
-5.923396944999694824e-01
2.721870541572570801e-01
3.101252252236008644e-03
-9.777444005012512207e-01
-1.484697218984365463e-02
-9.228810667991638184e-01
-3.713160157203674316e-01
-4.184368532150983810e-03
-9.385663433931767941e-04
-9.773989319801330566e-01
8.313984610140323639e-03
-9.695312380790710449e-01
-2.474280148744583130e-01
-1.052127592265605927e-02
1.664033392444252968e-03
-9.768800735473632812e-01
-7.498329039663076401e-03
9.119626483879983425e-04
-9.768618345260620117e-01
-1.679715141654014587e-02
1.280866446904838085e-03
-9.770448803901672363e-01
5.527244415134191513e-03
4.911130368709564209e-01
-9.817364811897277832e-01
4.792165011167526245e-03
-9.384465217590332031e-01
-3.434940278530120850e-01
-6.108600180596113205e-03
7.451425190083682537e-04
-9.812031984329223633e-01
-4.787063226103782654e-03
2.595970290713012218e-04
-9.811742901802062988e-01
5.615089554339647293e-03
-9.128724336624145508e-01
-4.055409133434295654e-01
-2.146209478378295898e-01
2.179655805230140686e-02
-9.808096289634704590e-01
-5.647455807775259018e-03
-9.511389732360839844e-01
-3.033736646175384521e-01
-2.741512842476367950e-03
-9.603605270385742188e-01
-2.761402428150177002e-01
-9.556208737194538116e-03
1.195172430016100407e-03
-9.807630777359008789e-01
-5.671664141118526459e-03
-9.511311650276184082e-01
-3.033218085765838623e-01
-9.818657301366329193e-03
4.556546628009527922e-04
-9.806681871414184570e-01
-6.913676392287015915e-03
6.570880650542676449e-04
-9.808700680732727051e-01
-8.070818148553371429e-03
-4.852988058701157570e-05
-9.806072711944580078e-01
-8.115305565297603607e-03
-9.511100649833679199e-01
-3.011256456375122070e-01
-8.300669491291046143e-03
2.011902863159775734e-03
-9.805167317390441895e-01
-8.134737610816955566e-03
-9.268618305213749409e-05
-9.912496805191040039e-01
3.838560776785016060e-03
-2.742715707881870912e-07
-9.910690188407897949e-01
3.871498396620154381e-03
2.725993510921398411e-07
-9.908509254455566406e-01
-1.112082134932279587e-02
1.092288759537041187e-03
-9.908229112625122070e-01
-1.113882381469011307e-02
1.081774360500276089e-03
-9.909169673919677734e-01
-3.225426655262708664e-03
-9.390409588813781738e-01
-3.407500684261322021e-01
6.970498943701386452e-04
6.723809987306594849e-02
-9.910772442817687988e-01
-3.170537529513239861e-03
5.558331613428890705e-04
-9.912164807319641113e-01
5.611244589090347290e-03
-1.064512412995100021e-03
-9.909161925315856934e-01
7.487020920962095261e-03
-9.728702902793884277e-01
-2.365745902061462402e-01
2.129730768501758575e-03
-8.478833436965942383e-01
-5.270110368728637695e-01
-1.798136392608284950e-03
-9.532839059829711914e-01
-3.003624081611633301e-01
-9.995345957577228546e-03
2.272775629535317421e-03
-9.905474185943603516e-01
-1.132342033088207245e-02
9.600280900485813618e-04
-9.906286597251892090e-01
-6.814825348556041718e-03
4.169342573732137680e-04
-9.905993342399597168e-01
5.951921455562114716e-03
-2.884678251575678587e-04
-9.904202222824096680e-01
4.970906767994165421e-03
-9.554269909858703613e-01
-2.971484065055847168e-01
4.022762179374694824e-03
1.693693796323003653e-10
-9.899848103523254395e-01
-1.931601320393383503e-03
-9.547604918479919434e-01
-2.955192029476165771e-01
-6.786949001252651215e-03
2.289971889695152640e-04
-9.899386167526245117e-01
6.132716313004493713e-03
1.105562201701104641e-03
-9.898076653480529785e-01
-1.969842240214347839e-03
1.665300806052982807e-04
-9.897791743278503418e-01
-1.605545282363891602e-01
1.814073137938976288e-02
-9.898640513420104980e-01
-3.882695222273468971e-03
6.841449066996574402e-04
-9.898310899734497070e-01
7.486002892255783081e-02
-9.651983380317687988e-01
-3.298664689064025879e-01
3.139523789286613464e-03
-8.958581602200865746e-04
-9.892970919609069824e-01
-5.139865912497043610e-03
2.012910787016153336e-03
-9.894706010818481445e-01
-2.039344049990177155e-03
1.799634046619758010e-04
-9.894639849662780762e-01
4.431410692632198334e-03
-1.262247562408447266e-03
-9.892486929893493652e-01
5.211672279983758926e-03
-9.584196805953979492e-01
-2.872622609138488770e-01
-4.650165792554616928e-03
-9.441011548042297363e-01
-3.252718746662139893e-01
8.918302046367898583e-05
-9.708849787712097168e-01
-2.396345138549804688e-01
-2.906066831201314926e-03
1.289600157178938389e-03
-9.889284372329711914e-01
-4.118396900594234467e-03
8.961662533693015575e-04
-9.888539314270019531e-01
-7.326749153435230255e-03
-9.193444848060607910e-01
-3.867149651050567627e-01
-2.550326753407716751e-04
4.274460952728986740e-04
-9.889870285987854004e-01
4.100549966096878052e-03
6.789093604311347008e-04
-9.887502789497375488e-01
5.861800629645586014e-03
-1.196763128973543644e-03
-9.884846806526184082e-01
4.345448687672615051e-03
0.000000000000000000e+00
-9.882980585098266602e-01
4.352165851742029190e-03
-1.169929630123078823e-03
-9.879819750785827637e-01
2.326387912034988403e-03
-6.140996702015399933e-04
-9.876937866210937500e-01
-6.733637768775224686e-03
1.108425436541438103e-03
-9.877052307128906250e-01
4.698952659964561462e-03
-1.222520833835005760e-03
-9.874255061149597168e-01
4.116015043109655380e-03
7.015591108938679099e-05
-9.872382879257202148e-01
5.791573319584131241e-03
8.547799661755561829e-04
-9.868827462196350098e-01
4.801903851330280304e-03
-9.628653526306152344e-01
-2.709998488426208496e-01
-2.610471099615097046e-03
-9.616489410400390625e-01
-2.717829346656799316e-01
-8.411582559347152710e-03
-9.272033572196960449e-01
-3.667368292808532715e-01
-1.287515158765017986e-03
-1.223409926751628518e-04
-9.865390658378601074e-01
1.000000023742227990e-32
1.000000023742227990e-32
-9.864006638526916504e-01
-4.050998482853174210e-03
4.620713880285620689e-04
-9.862717390060424805e-01
8.171542547643184662e-03
-8.407188579440116882e-04
-9.860503077507019043e-01
6.376560777425765991e-03
3.408197953831404448e-04
-9.855989217758178711e-01
-1.423846581019461155e-03
-9.701486825942993164e-01
-2.411210685968399048e-01
-7.534245960414409637e-03
1.071415957994759083e-03
-9.856308102607727051e-01
-3.968097269535064697e-03
-9.660646915435791016e-01
-2.563770413398742676e-01
-8.807759732007980347e-03
2.443521807435899973e-04
-9.854481816291809082e-01
5.048027727752923965e-03
-1.175048761069774628e-03
-9.852474331855773926e-01
-1.974873943254351616e-03
7.543188985437154770e-04
-9.852699041366577148e-01
1.433813273906707764e-01
-2.553043887019157410e-03
-9.788011312484741211e-01
1.000000023742227990e-32
1.000000023742227990e-32
-9.781004786491394043e-01
6.695286370813846588e-03
-5.204929038882255554e-04
-9.776874184608459473e-01
6.535280495882034302e-03
-1.801809528842568398e-03
-9.769681692123413086e-01
-1.764189638197422028e-02
3.195360535755753517e-03
-9.770162701606750488e-01
-4.825148731470108032e-03
-9.751440882682800293e-01
-2.168410718441009521e-01
-1.145606115460395813e-02
-9.519715309143066406e-01
-2.952556312084197998e-01
-1.149353198707103729e-02
3.553294809535145760e-04
-9.770468473434448242e-01
5.247503053396940231e-03
8.978975238278508186e-04
-9.763220548629760742e-01
3.350917715579271317e-03
-8.966202149167656898e-04
-9.758352041244506836e-01
9.347847662866115570e-03
-9.821716547012329102e-01
-1.926117837429046631e-01
-2.047182992100715637e-02
1.428916002623736858e-03
-9.751266241073608398e-01
-6.061078747734427452e-04
-9.841206669807434082e-01
-1.768872737884521484e-01
-1.863436028361320496e-02
1.712024910375475883e-03
-9.751521348953247070e-01
-8.432361297309398651e-03
3.638566704466938972e-04
-9.751013517379760742e-01
6.286336109042167664e-03
-9.579355716705322266e-01
-2.857483029365539551e-01
1.502082450315356255e-03
-9.866014719009399414e-01
-1.646419614553451538e-01
-3.441664157435297966e-03
-9.769283533096313477e-01
-2.106699794530868530e-01
-1.233445014804601669e-02
-9.551624655723571777e-01
-2.842703461647033691e-01
-5.317441187798976898e-03
-9.768609404563903809e-01
-2.086818218231201172e-01
-3.125980496406555176e-03
-9.768729805946350098e-01
-2.107588201761245728e-01
-8.110784925520420074e-03
-1.952938910108059645e-04
-9.884204268455505371e-01
5.023894365876913071e-03
-5.145170143805444241e-04
-9.879727363586425781e-01
4.356075078248977661e-03
-9.590094089508056641e-01
-2.841352224349975586e-01
4.396863281726837158e-03
-9.595437049865722656e-01
-2.823399603366851807e-01
-2.244520466774702072e-03
-6.407928303815424442e-04
-9.875347614288330078e-01
-2.234382787719368935e-03
-6.614872836507856846e-04
-9.876332283020019531e-01
-4.045118112117052078e-03
-3.297700895927846432e-04
-9.875171184539794922e-01
1.000000023742227990e-32
1.000000023742227990e-32
-9.873294234275817871e-01
6.690464215353131294e-04
8.800444629741832614e-05
-9.873186945915222168e-01
-6.267474382184445858e-04
-9.787209033966064453e-01
-2.045843005180358887e-01
-4.048095550388097763e-03
1.073282095603644848e-03
-9.872648715972900391e-01
-2.277066931128501892e-03
-6.629664567299187183e-04
-9.872851371765136719e-01
5.075349006801843643e-03
-9.686717987060546875e-01
-2.472128570079803467e-01
5.446386057883501053e-03
-9.799820780754089355e-01
-2.018624842166900635e-01
4.086795262992382050e-03
-7.131295860745012760e-04
-9.867566227912902832e-01
1.000000023742227990e-32
1.000000023742227990e-32
-9.865034818649291992e-01
2.764059696346521378e-03
-8.756392635405063629e-04
-9.861612319946289062e-01
-7.390084792859852314e-04
-9.798243641853332520e-01
-1.991297900676727295e-01
-4.998094402253627777e-03
-1.823452475946396589e-04
-9.861769080162048340e-01
-4.296812228858470917e-03
1.052942941896617413e-03
-9.862512350082397461e-01
-4.998438525944948196e-03
-1.714953978080302477e-04
-9.862322211265563965e-01
3.932646010071039200e-03
-9.626971483230590820e-01
-2.705927789211273193e-01
-7.717062253504991531e-03
1.991676632314920425e-03
-9.859181642532348633e-01
6.130327004939317703e-03
-8.716561715118587017e-04
-9.856205582618713379e-01
3.882928285747766495e-03
8.683174964971840382e-04
-9.854307770729064941e-01
1.000000023742227990e-32
1.000000023742227990e-32
-9.850769639015197754e-01
2.855117432773113251e-03
-8.648740476928651333e-04
-9.848639369010925293e-01
-1.348798163235187531e-03
1.376707688905298710e-03
-9.848137497901916504e-01
5.643446929752826691e-03
-4.971652524545788765e-04
-9.845480918884277344e-01
4.935611039400100708e-03
4.367462054233328672e-07
-9.841364622116088867e-01
7.054594345390796661e-03
-1.148366485722362995e-03
-9.646834731101989746e-01
-8.697331883013248444e-03
-9.750954508781433105e-01
-2.132892906665802002e-01
-8.880836539901793003e-04
-9.848498106002807617e-01
-1.725192964076995850e-01
-8.718578144907951355e-03
7.798254373483359814e-04
-9.646441340446472168e-01
-2.841027677059173584e-01
2.136018313467502594e-02
-9.646785855293273926e-01
-2.281836979091167450e-02
3.068228252232074738e-03
-9.646036624908447266e-01
-1.159568503499031067e-02
2.773584797978401184e-03
-9.648936986923217773e-01
6.587523967027664185e-03
8.522367570549249649e-04
-9.637266993522644043e-01
-1.360905915498733521e-02
-9.639737010002136230e-01
-2.528358697891235352e-01
1.713987886905670166e-01
1.411067642038688064e-04
-9.497454166412353516e-01
-1.566446013748645782e-02
-9.732740521430969238e-01
-2.175273299217224121e-01
-3.696519182994961739e-03
-9.830320477485656738e-01
-1.798195838928222656e-01
-5.850025336258113384e-04
-9.872019290924072266e-01
-1.588985323905944824e-01
-5.776663892902433872e-04
-1.027214239002205431e-04
-9.765727519989013672e-01
7.936533540487289429e-03
4.622142878361046314e-04
-9.760335087776184082e-01
-6.137778982520103455e-04
-9.874202609062194824e-01
-1.575123518705368042e-01
-1.605974277481436729e-03
-9.040549630299210548e-04
-9.758879542350769043e-01
5.813571624457836151e-03
-1.379336579702794552e-03
-9.753729701042175293e-01
-1.337810233235359192e-02
-9.529525637626647949e-01
-2.903494834899902344e-01
-4.269881173968315125e-03
2.098443685099482536e-03
-9.753574728965759277e-01
-2.702845958992838860e-03
3.288188017904758453e-04
-9.887531995773315430e-01
1.000000023742227990e-32
1.000000023742227990e-32
-9.886289238929748535e-01
4.420416895300149918e-03
-1.371403574012219906e-03
-9.883990287780761719e-01
4.950211849063634872e-03
-4.554103652480989695e-04
-9.882344603538513184e-01
5.772064905613660812e-03
-9.911003708839416504e-01
-1.373235583305358887e-01
2.592415316030383110e-03
-7.838615565560758114e-04
-9.879297018051147461e-01
1.000000023742227990e-32
1.000000023742227990e-32
-9.876191616058349609e-01
5.090031307190656662e-03
-9.858534336090087891e-01
-1.705596745014190674e-01
2.582452725619077682e-03
-6.419594865292310715e-04
-9.874433875083923340e-01
1.000000023742227990e-32
1.000000023742227990e-32
-9.871232509613037109e-01
1.395052648149430752e-03
-9.855530858039855957e-01
-1.717844158411026001e-01
-1.764867454767227173e-03
-9.850651621818542480e-01
-1.704643815755844116e-01
2.816956955939531326e-03
-9.909687042236328125e-01
-1.368941068649291992e-01
1.819794648326933384e-03
-9.909691810607910156e-01
-1.359014511108398438e-01
-6.149973254650831223e-03
9.633367881178855896e-04
-9.719050526618957520e-01
7.078979164361953735e-03
-1.551000052131712437e-03
-9.710909128189086914e-01
3.586319740861654282e-03
-9.612538814544677734e-01
-2.709637880325317383e-01
3.424903377890586853e-03
-9.937500953674316406e-01
-1.149501949548721313e-01
-6.355325225740671158e-03
9.581201011314988136e-04
-9.703854322433471680e-01
3.618949558585882187e-03
-7.686192984692752361e-04
-9.698591232299804688e-01
9.837237186729907990e-03
-1.251659821718931198e-03
-9.688592553138732910e-01
3.687089076265692711e-03
-7.633268833160400391e-04
-9.680796861648559570e-01
7.842168211936950684e-03
-4.380776663310825825e-04
-9.672551751136779785e-01
6.234846543520689011e-03
7.558090146631002426e-04
-9.665846228599548340e-01
5.322978831827640533e-03
1.096264347434043884e-01
-9.665104746818542480e-01
6.302374880760908127e-03
7.942601805552840233e-04
-9.655982255935668945e-01
-5.087700206786394119e-03
-5.671723629347980022e-04
-9.654960036277770996e-01
6.381801795214414597e-03
-9.660861492156982422e-01
-2.553474605083465576e-01
-1.260192133486270905e-03
-9.799764666240662336e-05
-9.646371603012084961e-01
3.218400757759809494e-03
-7.946513505885377526e-05
-9.643391370773315430e-01
-2.302344655618071556e-03
-9.872937798500061035e-01
-1.566701978445053101e-01
-5.195844918489456177e-03
-9.872933030128479004e-01
-1.537981629371643066e-01
-9.187103132717311382e-04
-1.192020863527432084e-04
-9.643862843513488770e-01
8.262424729764461517e-03
-9.885644316673278809e-01
-1.535500437021255493e-01
8.366620168089866638e-03
-4.471584106795489788e-04
-9.625309705734252930e-01
-9.464563801884651184e-03
-9.818342328071594238e-01
-1.804410964250564575e-01
-3.864365397021174431e-03
-9.877961874008178711e-01
-1.519211083650588989e-01
-1.482359785586595535e-02
-9.644974470138549805e-01
-2.498337477445602417e-01
-9.470941498875617981e-03
-1.462632208131253719e-04
-9.624852538108825684e-01
4.101886879652738571e-03
-9.844341874122619629e-01
-1.730476766824722290e-01
-1.438355771824717522e-03
-1.120504093705676496e-04
-9.614248871803283691e-01
-6.786170415580272675e-04
-1.125136855989694595e-03
-9.610067009925842285e-01
9.500060230493545532e-03
-7.646062294952571392e-04
-9.601333141326904297e-01
7.731513585895299911e-03
-9.844257831573486328e-01
-1.763256043195724487e-01
4.162951838225126266e-03
-7.521309889853000641e-04
-9.575892686843872070e-01
-8.306483738124370575e-03
-9.832062125205993652e-01
-1.743940562009811401e-01
-1.607906422577798367e-03
-1.070553335011936724e-04
-9.581788778305053711e-01
-3.029149174690246582e-01
1.751809939742088318e-02
-9.577273726463317871e-01
-1.022119913250207901e-02
-1.629966864129528403e-04
-9.577772021293640137e-01
2.124627353623509407e-03
-7.068367558531463146e-04
-9.578461050987243652e-01
4.207639489322900772e-03
-7.454144652001559734e-04
-9.567430019378662109e-01
5.996870808303356171e-03
-1.043992815539240837e-03
-9.551761746406555176e-01
-1.062492560595273972e-02
-9.838479757308959961e-01
-1.685236394405364990e-01
-2.597417624201625586e-04
-9.918471574783325195e-01
-1.271587908267974854e-01
-8.601371198892593384e-03
8.787210681475698948e-04
-9.552303552627563477e-01
-1.931155845522880554e-02
5.055457004345953465e-04
-9.553319811820983887e-01
-1.742320251651108265e-03
-1.133678015321493149e-04
-9.551087617874145508e-01
6.147335283458232880e-03
-9.857515692710876465e-01
-1.665946990251541138e-01
8.252601139247417450e-03
6.572806228177796584e-07
-9.527264237403869629e-01
-6.447916384786367416e-03
-9.895784258842468262e-01
-1.376081705093383789e-01
-3.190596103668212891e-01
1.628153771162033081e-02
-9.526019692420959473e-01
8.779788622632622719e-04
-9.947469830513000488e-01
-1.032125577330589294e-01
-1.101416163146495819e-02
-9.844743013381958008e-01
-1.646646261215209961e-01
-8.911747485399246216e-03
-9.844802021980285645e-01
-1.667278409004211426e-01
-6.442486774176359177e-03
-5.506158340722322464e-04
-9.527282118797302246e-01
9.375748224556446075e-03
-4.203292774036526680e-04
-9.514605402946472168e-01
8.923039771616458893e-03
-9.932762384414672852e-01
-1.190242916345596313e-01
7.855531759560108185e-03
-1.248660730198025703e-03
-9.484629631042480469e-01
-3.316357135772705078e-01
1.558420434594154358e-02
-9.483813643455505371e-01
2.051954623311758041e-03
-9.950609207153320312e-01
-1.012541353702545166e-01
-4.495968751143664122e-04
-9.926306605339050293e-01
-1.207708343863487244e-01
-6.875496823340654373e-03
-5.432863836176693439e-04
-9.485943913459777832e-01
-5.046493373811244965e-03
-9.901909828186035156e-01
-1.347246170043945312e-01
-1.788713596761226654e-02
1.933201681822538376e-03
-9.484066963195800781e-01
1.836715091485530138e-04
-4.273634112905710936e-04
-9.484579563140869141e-01
1.305495947599411011e-02
-9.948572516441345215e-01
-1.090807020664215088e-01
8.808934129774570465e-03
-9.875786900520324707e-01
-1.574106216430664062e-01
-5.279567092657089233e-03
2.837646170519292355e-04
-9.453833699226379395e-01
2.019912935793399811e-03
-6.781421834602952003e-04
-9.454675316810607910e-01
6.654119119048118591e-03
-9.985259966924786568e-04
-9.439427852630615234e-01
1.299190707504749298e-02
-1.145334448665380478e-03
-9.420448541641235352e-01
-1.515515241771936417e-02
4.092730581760406494e-01
-9.898508787155151367e-01
-1.863854849943891168e-04
-8.654819102957844734e-04
-9.898461103439331055e-01
-9.759097360074520111e-03
-8.745782971382141113e-01
-4.763094484806060791e-01
-3.642172086983919144e-03
-1.842414349084720016e-04
-9.898354411125183105e-01
4.693349357694387436e-03
-1.150018884800374508e-03
-9.896793961524963379e-01
6.001306697726249695e-03
-2.548843040131032467e-04
-9.895594716072082520e-01
6.028115749359130859e-03
-9.717690944671630859e-01
-2.393392026424407959e-01
4.096495918929576874e-03
-9.675628389231860638e-04
-9.893332719802856445e-01
6.532863713800907135e-03
-4.514214524533599615e-04
-9.892513751983642578e-01
3.983950242400169373e-03
-3.026650290394172771e-07
-9.891496896743774414e-01
2.394698560237884521e-03
-8.802457451820373535e-01
-4.714181721210479736e-01
1.025288365781307220e-03
-5.244767526164650917e-04
-9.890477061271667480e-01
5.685966927558183670e-03
-1.994526854787181946e-07
-9.889229536056518555e-01
3.396578133106231689e-03
-7.489307317882776260e-04
-9.887896180152893066e-01
4.420599434524774551e-03
-1.631392515264451504e-04
-9.887144565582275391e-01
4.754076711833477020e-03
7.319481228478252888e-04
-9.885894060134887695e-01
5.836392752826213837e-03
-6.800693226978182793e-04
-9.883891940116882324e-01
4.238758701831102371e-03
-8.821836090646684170e-04
-9.882950782775878906e-01
4.787954967468976974e-03
-9.557145237922668457e-01
-2.954253554344177246e-01
-2.384314546361565590e-03
7.801610045135021210e-04
-9.741752743721008301e-01
-8.783114142715930939e-03
1.018101582303643227e-03
-9.741859436035156250e-01
-1.587419398128986359e-02
1.743385219015181065e-04
-9.741633534431457520e-01
-2.571177855134010315e-02
7.467260584235191345e-04
